0.000, -136.38, -0.37, 360.00, 0.03, -0.00, 288.00, 0.00, -0.00, 0.90
0.034, -135.75, -0.38, 0.01, 0.29, -0.01, 159.57, 0.25, -0.00, 133.67
0.062, -136.32, -0.37, 359.95, 0.22, 0.00, 221.66, 0.23, 0.00, 205.11
0.090, -136.38, -0.37, 359.95, 0.16, -0.01, 255.49, 0.17, -0.01, 245.90
0.118, -136.12, -0.37, 0.01, 0.18, -0.02, 203.87, 0.18, -0.02, 211.80
0.146, -136.35, -0.37, 360.00, 0.12, -0.03, 231.44, 0.13, -0.03, 227.72
0.174, -136.46, -0.38, 359.94, 0.07, -0.03, 253.13, 0.09, -0.03, 248.31
0.202, -136.07, -0.37, 359.94, 0.09, -0.03, 271.31, 0.09, -0.03, 266.95
0.231, -136.38, -0.37, 359.99, 0.07, -0.04, 287.20, 0.07, -0.04, 283.40
0.259, -136.85, -0.37, 359.95, -0.04, -0.04, 301.13, -0.02, -0.04, 297.75
0.287, -136.29, -0.38, 359.91, -0.03, -0.03, 313.57, -0.03, -0.03, 310.56
0.315, -135.84, -0.38, 359.93, 0.03, -0.04, 324.79, 0.02, -0.04, 322.11
0.343, -136.48, -0.37, 359.97, 0.00, -0.04, 334.71, 0.00, -0.04, 332.31
0.371, -135.89, -0.37, 359.94, 0.06, -0.04, 343.37, 0.05, -0.04, 341.26
0.400, -136.70, -0.38, 359.92, -0.00, -0.03, 351.02, 0.01, -0.03, 349.19
0.428, -136.38, -0.37, 359.92, -0.01, -0.03, 357.57, -0.01, -0.03, 355.98
0.455, -136.70, -0.37, 359.93, -0.06, -0.03, 363.13, -0.05, -0.03, 361.76
0.483, -136.42, -0.38, 359.92, -0.07, -0.03, 367.82, -0.07, -0.03, 366.66
0.511, -136.63, -0.37, 359.91, -0.10, -0.02, 371.79, -0.10, -0.02, 370.81
0.538, -136.65, -0.37, 359.91, -0.14, -0.02, 375.11, -0.13, -0.02, 374.28
0.566, -137.02, -0.37, 359.90, -0.22, -0.02, 377.86, -0.21, -0.02, 377.17
0.594, -136.95, -0.37, 359.89, -0.29, -0.06, 380.14, -0.27, -0.05, 379.57
0.622, -136.45, -0.38, 359.90, -0.28, -0.06, 382.02, -0.27, -0.06, 381.55
0.649, -136.86, -0.37, 359.89, -0.32, -0.05, 383.53, -0.31, -0.05, 383.15
0.677, -136.34, -0.38, 359.89, -0.29, -0.04, 384.73, -0.30, -0.04, 384.43
0.704, -136.28, -0.37, 359.89, -0.26, -0.04, 385.67, -0.26, -0.04, 385.43
0.733, -136.65, -0.37, 359.87, -0.26, -0.03, 386.46, -0.26, -0.03, 386.26
0.761, -136.71, -0.37, 359.87, -0.28, -0.02, 387.05, -0.28, -0.03, 386.90
0.789, -136.83, -0.37, 359.88, -0.31, -0.03, 387.50, -0.31, -0.03, 387.39
0.816, -136.59, -0.37, 359.92, -0.32, -0.02, 387.84, -0.31, -0.02, 387.76
0.844, -136.14, -0.38, 359.88, -0.27, -0.02, 387.99, -0.28, -0.02, 387.95
0.872, -136.53, -0.37, 359.88, -0.27, -0.01, 388.09, -0.27, -0.01, 388.07
0.900, -136.28, -0.38, 359.91, -0.24, -0.02, 388.14, -0.24, -0.02, 388.13
0.928, -136.82, -0.37, 359.90, -0.26, -0.01, 388.09, -0.26, -0.01, 388.10
0.956, -136.33, -0.37, 359.87, -0.24, 0.00, 387.96, -0.24, -0.00, 387.98
0.984, -136.34, -0.38, 359.87, -0.21, -0.00, 387.83, -0.22, -0.00, 387.86
1.012, -136.39, -0.37, 359.87, -0.20, -0.00, 387.64, -0.20, -0.00, 387.68
1.040, -136.74, -0.37, 359.87, -0.21, -0.01, 387.44, -0.21, -0.01, 387.49
1.068, -136.79, -0.37, 359.86, -0.23, 0.00, 387.20, -0.23, 0.00, 387.25
1.096, -136.06, -0.37, 359.85, -0.20, -0.01, 386.92, -0.20, -0.00, 386.98
1.124, -136.10, -0.37, 359.84, -0.15, 0.00, 386.65, -0.16, 0.00, 386.71
1.152, -136.25, -0.37, 359.83, -0.13, -0.00, 386.37, -0.14, -0.00, 386.43
1.180, -136.30, -0.37, 359.83, -0.11, -0.00, 386.07, -0.12, -0.00, 386.14
1.208, -136.17, -0.37, 359.81, -0.09, 0.01, 385.76, -0.10, 0.00, 385.83
1.236, -136.20, -0.38, 359.81, -0.07, 0.01, 385.46, -0.07, 0.01, 385.53
1.264, -136.31, -0.37, 359.81, -0.05, 0.01, 385.16, -0.06, 0.01, 385.23
1.292, -136.69, -0.38, 359.74, -0.08, 0.01, 384.79, -0.08, 0.01, 384.87
1.320, -136.43, -0.37, 359.73, -0.07, 0.01, 384.48, -0.07, 0.01, 384.55
1.348, -137.08, -0.37, 359.74, -0.13, 0.01, 384.18, -0.12, 0.01, 384.25
1.376, -136.42, -0.37, 359.73, -0.13, 0.01, 383.88, -0.13, 0.01, 383.95
1.404, -136.58, -0.38, 359.75, -0.13, 0.04, 383.58, -0.13, 0.03, 383.65
1.432, -136.80, -0.37, 359.75, -0.16, 0.01, 383.28, -0.16, 0.01, 383.35
1.460, -136.84, -0.36, 359.68, -0.20, -0.02, 382.92, -0.19, -0.02, 383.00
1.488, -135.70, -0.37, 359.63, -0.15, -0.01, 382.58, -0.15, -0.01, 382.66
1.516, -137.16, -0.36, 359.43, -0.20, 0.05, 382.09, -0.19, 0.04, 382.20
1.544, -136.33, -0.38, 359.55, -0.18, 0.00, 381.93, -0.18, 0.01, 381.98
1.572, -136.58, -0.36, 359.76, -0.17, -0.04, 381.86, -0.17, -0.03, 381.88
1.600, -136.08, -0.37, 359.54, -0.16, 0.01, 381.37, -0.16, 0.00, 381.46
1.627, -137.18, -0.39, 359.37, -0.20, 0.05, 380.90, -0.20, 0.04, 381.01
1.655, -136.67, -0.37, 359.59, -0.24, -0.01, 380.86, -0.23, -0.00, 380.89
1.683, -136.55, -0.36, 359.69, -0.23, -0.02, 380.70, -0.23, -0.02, 380.73
1.711, -136.61, -0.37, 359.42, -0.21, 0.03, 380.17, -0.22, 0.02, 380.28
1.739, -136.41, -0.39, 359.44, -0.20, 0.03, 379.94, -0.21, 0.03, 380.00
1.767, -136.35, -0.38, 359.62, -0.18, -0.02, 379.87, -0.18, -0.01, 379.90
1.795, -136.09, -0.37, 359.51, -0.16, 0.01, 379.52, -0.17, 0.01, 379.59
1.823, -136.55, -0.38, 359.39, -0.18, 0.04, 379.16, -0.18, 0.03, 379.24
1.851, -136.46, -0.38, 359.54, -0.17, -0.00, 379.07, -0.17, 0.00, 379.11
1.879, -136.42, -0.37, 359.58, -0.16, -0.01, 378.88, -0.16, -0.01, 378.92
1.907, -136.05, -0.37, 359.45, -0.14, 0.01, 378.53, -0.14, 0.01, 378.60
1.936, -136.63, -0.38, 359.48, -0.14, 0.01, 378.34, -0.14, 0.01, 378.39
1.964, -136.43, -0.38, 359.56, -0.12, -0.08, 378.20, -0.13, -0.06, 378.23
1.992, -134.99, -0.38, 359.51, -0.04, -0.02, 377.93, -0.06, -0.03, 377.99
2.020, -136.49, -0.39, 359.45, -0.05, -0.01, 377.66, -0.05, -0.01, 377.72
2.048, -137.07, -0.37, 358.61, 1.44, 0.07, 376.60, 1.15, 0.05, 376.82
2.075, -145.85, -0.59, 0.29, 1.61, -0.47, 358.49, 1.52, -0.37, 362.00
2.103, -114.53, 0.28, 3.67, -3.91, -2.65, 343.00, -2.88, -2.22, 346.62
2.131, -134.93, -0.51, 3.92, 3.04, -0.86, 325.25, 1.92, -1.12, 329.31
2.159, -124.03, -0.26, 4.25, 6.03, -1.31, 308.39, 5.25, -1.27, 312.37
2.187, -123.10, -0.32, 4.75, 11.15, -0.28, 292.49, 10.03, -0.47, 296.27
2.215, -118.04, -0.28, 359.26, 18.08, 0.24, 289.87, 16.53, 0.10, 291.11
2.243, -132.94, -0.52, 352.25, 23.57, 4.95, 285.60, 22.23, 4.03, 286.65
2.271, -138.37, -0.52, 345.23, 28.96, 10.45, 281.19, 27.68, 9.23, 282.23
2.299, -108.72, -0.72, 342.13, 32.72, 13.81, 280.60, 31.77, 12.94, 280.91
2.327, -118.70, -1.01, 343.19, 37.53, 19.75, 284.07, 36.44, 18.45, 283.47
2.355, -89.88, -0.99, 342.33, 42.96, 25.39, 285.53, 41.72, 24.07, 285.13
2.383, -95.48, -0.99, 344.40, 48.45, 30.74, 289.81, 47.17, 29.47, 288.92
2.411, -62.51, -0.83, 345.24, 56.22, 35.85, 292.78, 54.50, 34.64, 292.05
2.439, -26.74, -0.46, 345.48, 63.19, 39.26, 295.07, 61.54, 38.38, 294.50
2.467, -17.86, -0.63, 346.25, 70.33, 43.33, 297.81, 68.66, 42.39, 297.18
2.495, -20.99, -0.13, 347.87, 76.57, 46.89, 301.32, 75.06, 46.03, 300.53
2.523, -1.36, -0.52, 349.62, 82.34, 50.69, 304.88, 80.96, 49.80, 304.05
2.551, -23.71, 0.23, 349.55, 86.68, 53.03, 306.56, 85.59, 52.42, 306.08
2.579, -5.28, -0.27, 349.72, 90.40, 55.13, 308.41, 89.49, 54.61, 307.96
2.607, -13.36, 0.16, 351.19, 94.33, 57.47, 311.50, 93.41, 56.92, 310.82
2.634, -4.49, 0.32, 352.09, 98.40, 59.44, 313.95, 97.44, 58.96, 313.35
2.662, 9.11, 0.08, 353.14, 100.65, 61.59, 316.50, 100.03, 61.08, 315.90
2.690, -27.55, 0.63, 351.13, 103.87, 62.81, 315.93, 103.13, 62.48, 315.93
2.717, 5.31, 0.48, 349.13, 107.77, 63.48, 315.32, 106.88, 63.29, 315.44
2.745, -2.60, 0.59, 346.53, 110.01, 63.62, 314.06, 109.41, 63.55, 314.32
2.773, -0.35, 0.60, 342.99, 112.07, 63.01, 311.81, 111.56, 63.11, 312.29
2.800, -7.35, 0.53, 341.05, 112.72, 62.78, 311.11, 112.49, 62.84, 311.33
2.828, -22.52, 0.34, 340.99, 114.24, 62.65, 312.25, 113.90, 62.69, 312.07
2.855, 0.10, 0.53, 342.65, 116.53, 63.55, 315.06, 116.02, 63.38, 314.48
2.883, -4.46, 0.71, 344.76, 118.15, 63.87, 318.27, 117.75, 63.78, 317.55
2.911, 2.75, 0.79, 346.25, 120.36, 63.85, 320.84, 119.86, 63.83, 320.21
2.939, -0.81, 0.82, 345.57, 120.76, 63.40, 321.19, 120.59, 63.49, 321.01
2.966, -27.07, 0.87, 345.31, 121.52, 63.21, 321.93, 121.34, 63.26, 321.75
2.994, 14.25, 0.75, 345.45, 124.25, 63.07, 323.04, 123.69, 63.10, 322.79
3.022, 17.76, 1.01, 347.36, 126.05, 62.56, 325.87, 125.60, 62.66, 325.28
3.049, -11.59, 1.10, 348.42, 126.45, 61.70, 327.84, 126.29, 61.89, 327.35
3.077, 0.07, 1.13, 348.23, 128.51, 61.15, 328.52, 128.08, 61.30, 328.29
3.105, 22.34, 1.22, 348.68, 130.52, 60.25, 329.80, 130.05, 60.45, 329.51
3.132, -5.75, 1.30, 349.15, 131.48, 59.60, 331.08, 131.21, 59.76, 330.78
3.160, 7.66, 1.28, 349.80, 133.25, 59.01, 332.51, 132.86, 59.16, 332.18
3.188, -3.41, 1.23, 349.55, 134.04, 57.70, 333.01, 133.81, 57.98, 332.85
3.215, 30.65, 1.23, 351.35, 136.40, 56.37, 335.55, 135.90, 56.68, 335.03
3.243, 9.16, 1.40, 352.74, 137.73, 54.34, 337.65, 137.38, 54.78, 337.14
3.270, 56.93, 1.30, 353.45, 140.44, 51.80, 339.04, 139.85, 52.37, 338.67
3.298, -44.81, 1.53, 353.45, 139.61, 47.95, 339.70, 139.66, 48.80, 339.50
3.326, 55.03, 1.27, 351.24, 142.16, 43.28, 338.12, 141.68, 44.34, 338.39
3.354, 39.13, 1.35, 350.55, 142.51, 37.70, 338.06, 142.36, 38.97, 338.12
3.381, 26.79, 1.34, 347.46, 142.50, 30.92, 335.56, 142.48, 32.46, 336.05
3.409, 31.13, 1.27, 346.24, 142.52, 23.74, 334.92, 142.51, 25.42, 335.14
3.436, 3.19, 1.37, 343.08, 141.49, 15.37, 332.32, 141.69, 17.30, 332.86
3.464, 35.95, 1.05, 341.00, 141.54, 7.24, 330.78, 141.57, 9.17, 331.18
3.492, -26.55, 1.21, 338.39, 139.06, -0.86, 328.69, 139.54, 1.07, 329.17
3.519, -25.41, 0.90, 336.06, 138.97, -8.68, 326.87, 139.08, -6.81, 327.31
3.547, 5.13, 0.73, 335.00, 139.56, -16.24, 326.31, 139.47, -14.43, 326.50
3.575, -19.91, 0.58, 334.86, 138.69, -23.53, 326.64, 138.84, -21.78, 326.61
3.602, -3.22, 0.46, 334.98, 138.27, -30.58, 327.23, 138.38, -28.89, 327.11
3.630, -9.03, 0.38, 334.87, 136.57, -37.38, 327.56, 136.92, -35.75, 327.47
3.657, -11.80, -0.17, 335.42, 134.79, -43.94, 328.54, 135.20, -42.37, 328.33
3.685, -23.23, -0.17, 335.51, 132.36, -50.25, 329.05, 132.91, -48.73, 328.91
3.713, -25.94, -0.82, 337.00, 129.52, -56.40, 330.94, 130.17, -54.93, 330.55
3.740, -37.27, -0.65, 339.33, 125.53, -62.32, 333.67, 126.42, -60.90, 333.07
3.768, -42.30, -0.91, 341.01, 120.90, -68.05, 335.73, 121.96, -66.68, 335.22
3.796, -57.24, -0.86, 344.43, 115.05, -73.54, 339.52, 116.37, -72.23, 338.69
3.823, -69.29, -0.77, 346.62, 109.20, -77.93, 342.06, 110.57, -76.84, 341.41
3.851, -69.36, -0.97, 350.43, 104.50, -80.39, 346.22, 105.67, -79.70, 345.30
3.878, -82.51, -0.64, 352.69, 98.90, -83.29, 348.81, 100.20, -82.60, 348.14
3.906, -81.10, -0.79, 355.69, 93.63, -85.68, 352.15, 94.87, -85.10, 351.38
3.934, -93.27, -0.76, 359.06, 87.60, -87.70, 355.83, 89.00, -87.20, 354.98
3.962, -94.45, -0.57, 1.06, 82.49, -88.60, 346.51, 83.74, -88.33, 348.13
3.990, -98.29, -0.65, 2.18, 78.99, -87.90, 336.61, 79.90, -87.98, 338.82
4.017, -104.33, -0.50, 3.41, 74.25, -87.75, 327.13, 75.33, -87.80, 329.37
4.045, -102.52, -0.54, 3.98, 69.60, -87.53, 317.28, 70.70, -87.58, 319.59
4.073, -106.12, -0.53, 4.08, 65.20, -87.09, 307.24, 66.26, -87.18, 309.61
4.100, -118.99, -0.49, 3.56, 61.04, -86.46, 296.86, 62.04, -86.60, 299.31
4.128, -116.05, -0.47, 2.98, 56.63, -85.92, 286.69, 57.67, -86.05, 289.11
4.156, -118.83, -0.51, 1.52, 52.40, -85.38, 275.90, 53.41, -85.51, 278.43
4.183, -121.98, -0.52, 0.17, 48.84, -84.53, 265.46, 49.72, -84.72, 267.97
4.211, -120.59, -0.55, 358.81, 45.64, -83.61, 266.41, 46.42, -83.83, 266.71
4.239, -125.75, -0.51, 357.05, 42.48, -82.70, 266.91, 43.23, -82.92, 266.87
4.267, -139.03, -0.60, 356.46, 40.34, -81.28, 268.51, 40.89, -81.59, 268.20
4.295, -128.24, -0.48, 355.75, 37.72, -80.30, 269.94, 38.32, -80.55, 269.61
4.323, -131.94, -0.52, 355.80, 36.33, -79.07, 272.08, 36.71, -79.35, 271.61
4.351, -146.17, -1.08, 358.30, 36.23, -75.71, 276.62, 36.32, -76.41, 275.67
4.379, -131.62, -0.52, 359.01, 36.00, -72.54, 279.32, 36.06, -73.28, 278.62
4.407, -133.33, -0.47, 354.77, 35.77, -71.44, 277.01, 35.83, -71.79, 277.32
4.435, -131.49, -0.58, 354.86, 35.11, -69.62, 279.00, 35.25, -70.03, 278.68
4.462, -136.01, -0.67, 355.79, 33.91, -68.64, 281.77, 34.16, -68.91, 281.18
4.490, -135.26, -0.56, 357.09, 32.79, -67.38, 284.88, 33.05, -67.67, 284.18
4.518, -130.07, -0.50, 355.03, 30.34, -67.64, 284.57, 30.85, -67.65, 284.50
4.546, -135.95, -0.64, 351.11, 32.23, -65.23, 282.37, 31.97, -65.69, 282.77
4.574, -124.31, -0.69, 347.77, 34.77, -60.94, 280.71, 34.24, -61.85, 281.10
4.602, -131.54, -0.77, 345.93, 38.29, -55.44, 280.50, 37.52, -56.66, 280.61
4.630, -133.83, -0.74, 342.58, 43.50, -47.47, 278.75, 42.36, -49.21, 279.10
4.658, -136.54, -0.92, 340.66, 47.19, -39.75, 278.38, 46.27, -41.56, 278.52
4.686, -132.85, -0.84, 339.64, 51.37, -32.27, 278.89, 50.40, -34.04, 278.82
4.714, -136.14, -0.96, 339.00, 54.92, -24.89, 279.73, 54.06, -26.61, 279.56
4.742, -110.13, -0.95, 338.55, 58.76, -17.77, 280.72, 57.87, -19.45, 280.50
4.770, -99.20, -1.07, 337.58, 63.07, -10.92, 281.18, 62.07, -12.56, 281.05
4.798, -83.55, -1.12, 335.46, 66.85, -4.19, 280.44, 65.95, -5.78, 280.55
4.826, -50.35, -1.08, 336.08, 70.35, 2.33, 282.40, 69.51, 0.79, 282.05
4.854, -21.99, -0.62, 337.22, 74.79, 8.79, 284.86, 73.80, 7.29, 284.33
4.882, -29.56, -0.59, 338.14, 78.39, 14.95, 287.07, 77.52, 13.50, 286.55
4.910, -18.72, -0.03, 339.21, 81.30, 20.97, 289.40, 80.58, 19.55, 288.86
4.938, -19.28, 0.12, 340.52, 84.50, 26.81, 291.93, 83.76, 25.43, 291.35
4.966, -10.62, 0.47, 340.89, 87.79, 32.40, 293.51, 87.02, 31.06, 293.10
4.994, -5.99, 0.49, 341.30, 90.83, 37.93, 295.09, 90.10, 36.63, 294.71
5.022, -4.31, 0.55, 341.95, 94.00, 43.20, 296.88, 93.26, 41.95, 296.47
5.053, -17.03, 0.90, 342.31, 96.52, 49.08, 298.35, 95.95, 47.83, 298.02
5.081, 6.35, 0.84, 341.50, 100.53, 54.10, 298.64, 99.67, 52.91, 298.53
5.109, -4.64, 0.93, 340.04, 102.98, 57.82, 298.25, 102.35, 56.89, 298.30
5.137, -6.88, 1.01, 338.67, 105.24, 62.39, 297.93, 104.69, 61.35, 298.00
5.166, -8.92, 1.17, 336.82, 106.85, 65.83, 297.10, 106.44, 64.98, 297.27
5.194, -13.95, 1.30, 335.54, 107.68, 68.79, 296.82, 107.45, 68.07, 296.91
5.222, 8.21, 1.30, 335.41, 108.36, 70.59, 297.66, 108.18, 70.11, 297.52
5.249, 0.64, 1.29, 338.02, 108.97, 72.16, 301.23, 108.82, 71.77, 300.52
5.277, -19.90, 1.38, 339.45, 109.10, 72.41, 303.59, 109.04, 72.29, 303.00
5.305, -17.03, 1.41, 340.21, 109.36, 71.66, 305.26, 109.30, 71.78, 304.83
5.332, -4.82, 1.38, 341.50, 110.23, 70.09, 307.44, 110.06, 70.41, 306.94
5.360, -10.52, 1.40, 342.74, 110.73, 68.24, 309.55, 110.60, 68.65, 309.05
5.388, 4.47, 1.41, 342.93, 111.75, 65.48, 310.59, 111.53, 66.09, 310.30
5.415, -7.46, 1.42, 343.75, 112.63, 62.70, 312.24, 112.42, 63.35, 311.86
5.443, 29.65, 1.39, 343.08, 113.99, 58.54, 312.38, 113.69, 59.45, 312.28
5.471, 20.05, 1.40, 343.09, 114.29, 53.36, 313.19, 114.18, 54.53, 313.02
5.499, -5.50, 1.48, 341.14, 114.20, 46.76, 312.01, 114.19, 48.24, 312.21
5.527, 32.35, 1.25, 340.20, 114.63, 39.69, 311.82, 114.54, 41.32, 311.90
5.554, -15.97, 1.47, 338.00, 113.55, 31.33, 310.36, 113.74, 33.25, 310.66
5.582, 5.06, 1.26, 336.79, 113.31, 23.16, 309.88, 113.39, 25.09, 310.03
5.610, -1.70, 1.23, 335.08, 112.57, 15.22, 308.88, 112.73, 17.12, 309.10
5.638, -27.77, 1.26, 333.86, 111.64, 7.47, 308.35, 111.85, 9.32, 308.49
5.665, -25.69, 1.03, 332.80, 110.59, -0.02, 307.97, 110.84, 1.78, 308.07
5.692, -17.51, 0.60, 332.79, 109.67, -7.31, 308.62, 109.89, -5.55, 308.51
5.720, -17.07, -0.23, 333.31, 107.62, -14.44, 309.78, 108.06, -12.72, 309.53
5.747, -51.87, -0.97, 334.67, 104.13, -21.41, 311.77, 104.88, -19.74, 311.34
5.775, -38.19, -0.92, 337.22, 99.85, -28.19, 314.94, 100.82, -26.56, 314.24
5.802, -74.11, -1.09, 339.54, 93.36, -34.80, 317.86, 94.80, -33.21, 317.16
5.830, -82.76, -1.03, 343.04, 87.50, -41.23, 321.95, 88.91, -39.68, 321.03
5.857, -83.20, -0.94, 346.79, 82.18, -46.71, 326.27, 83.48, -45.36, 325.26
5.885, -82.62, -0.79, 350.14, 76.36, -51.26, 330.19, 77.73, -50.13, 329.24
5.913, -97.95, -0.79, 351.97, 70.83, -54.97, 332.57, 72.15, -54.04, 331.94
5.940, -95.63, -0.60, 353.77, 65.40, -58.42, 334.91, 66.70, -57.58, 334.34
5.968, -100.53, -0.75, 353.58, 61.28, -60.80, 335.25, 62.32, -60.18, 335.07
5.996, -104.17, -0.66, 355.05, 57.18, -62.42, 337.24, 58.16, -61.99, 336.82
6.024, -103.08, -0.64, 354.73, 54.37, -63.38, 337.41, 55.09, -63.11, 337.30
6.052, -103.98, -0.64, 355.28, 51.41, -63.60, 338.46, 52.10, -63.51, 338.24
6.080, -106.78, -0.60, 355.32, 49.89, -63.48, 338.98, 50.31, -63.49, 338.84
6.108, -107.84, -0.60, 355.58, 48.49, -62.90, 339.72, 48.84, -63.01, 339.55
6.137, -105.52, -0.60, 354.22, 47.57, -62.33, 338.83, 47.81, -62.46, 338.96
6.165, -108.75, -0.63, 352.48, 46.84, -61.64, 337.54, 47.02, -61.80, 337.81
6.193, -111.31, -0.64, 350.78, 44.94, -61.77, 336.29, 45.33, -61.77, 336.58
6.221, -116.26, -0.67, 348.84, 43.15, -61.52, 334.78, 43.56, -61.57, 335.12
6.249, -121.00, -0.69, 347.49, 41.05, -61.47, 333.86, 41.52, -61.49, 334.09
6.278, -116.67, -0.67, 346.53, 39.74, -61.19, 333.31, 40.07, -61.24, 333.45
6.306, -115.89, -0.73, 346.01, 41.23, -58.92, 333.20, 41.01, -59.37, 333.24
6.333, -116.34, -0.63, 343.57, 45.29, -55.43, 331.15, 44.46, -56.19, 331.56
6.361, -119.48, -0.85, 341.69, 50.11, -50.23, 329.66, 49.03, -51.37, 330.02
6.388, -125.76, -0.89, 343.70, 54.22, -43.52, 332.05, 53.22, -45.03, 331.66
6.416, -115.85, -0.88, 347.95, 58.83, -36.16, 336.67, 57.75, -37.86, 335.70
6.444, -103.58, -0.79, 351.47, 64.77, -28.97, 340.55, 63.42, -30.68, 339.62
6.471, -108.53, -0.80, 351.43, 70.73, -21.96, 340.86, 69.32, -23.63, 340.63
6.499, -87.04, -0.89, 347.77, 77.05, -15.13, 337.56, 75.56, -16.76, 338.15
6.527, -58.18, -0.75, 342.68, 82.72, -8.45, 332.80, 81.35, -10.04, 333.83
6.554, -49.79, -0.62, 338.08, 87.32, -1.92, 328.54, 86.18, -3.48, 329.55
6.582, -43.26, -0.69, 335.33, 90.22, 4.45, 326.11, 89.45, 2.93, 326.77
6.610, -24.75, 0.10, 336.18, 92.67, 10.68, 327.28, 92.05, 9.19, 327.18
6.637, -25.91, 0.17, 335.72, 94.78, 16.77, 327.12, 94.26, 15.32, 327.14
6.665, 2.73, 0.24, 335.70, 97.04, 22.72, 327.42, 96.50, 21.31, 327.36
6.693, -6.43, 0.72, 336.78, 98.69, 28.58, 328.79, 98.27, 27.19, 328.52
6.721, -9.62, 1.01, 338.26, 100.15, 34.30, 330.56, 99.79, 32.94, 330.17
6.749, -12.84, 1.32, 339.75, 100.58, 39.87, 332.34, 100.43, 38.55, 331.93
6.776, -32.23, 1.34, 341.36, 100.02, 45.26, 334.23, 100.10, 43.97, 333.79
6.804, -89.21, 1.17, 344.38, 98.40, 50.59, 337.52, 98.72, 49.33, 336.81
6.832, -12.30, 1.29, 347.30, 99.57, 54.38, 340.71, 99.41, 53.42, 339.97
6.861, -39.10, 1.35, 350.28, 99.93, 54.80, 343.96, 99.84, 54.54, 343.21
6.889, -47.44, 1.42, 350.03, 100.95, 51.38, 343.96, 100.74, 51.98, 343.82
6.917, 33.98, 1.41, 349.50, 103.86, 45.63, 343.68, 103.26, 46.84, 343.71
6.945, -74.05, 1.48, 346.64, 103.73, 37.27, 341.07, 103.64, 39.09, 341.57
6.973, -44.88, 1.47, 342.35, 105.17, 28.96, 337.02, 104.89, 30.86, 337.87
7.001, -80.43, 1.29, 338.73, 108.65, 20.98, 333.64, 107.94, 22.85, 334.44
7.029, -87.86, 1.11, 336.57, 113.24, 13.12, 331.71, 112.24, 14.95, 332.22
7.057, -83.59, 0.61, 335.80, 115.83, 5.56, 331.17, 115.14, 7.36, 331.37
7.086, -68.72, -1.17, 337.06, 120.97, -2.01, 332.65, 119.88, -0.25, 332.41
7.114, 4.12, -0.96, 338.18, 127.74, -9.37, 333.98, 126.26, -7.64, 333.68
7.142, 27.18, -0.99, 342.15, 134.16, -15.77, 338.16, 132.66, -14.22, 337.31
7.170, 23.43, -0.57, 348.55, 140.17, -21.88, 344.77, 138.74, -20.42, 343.35
7.197, 22.05, -0.87, 352.20, 145.61, -28.02, 348.62, 144.29, -26.57, 347.61
7.225, 7.14, -1.22, 353.69, 151.61, -30.93, 350.30, 150.20, -30.09, 349.78
7.253, 64.34, -0.75, 356.07, 156.60, -34.04, 352.87, 155.37, -33.28, 352.28
7.280, 49.53, -0.34, 0.88, 160.27, -39.74, 349.51, 159.33, -38.50, 350.05
7.308, 64.51, -0.67, 7.78, 163.54, -45.09, 348.41, 162.74, -43.83, 348.72
7.335, 66.57, -0.70, 11.21, 163.25, -46.18, 343.99, 163.15, -45.73, 344.90
7.363, 64.69, -0.70, 4.28, 157.48, -44.20, 329.37, 158.57, -44.49, 332.35
7.391, 80.21, -0.03, 1.57, 152.22, -43.38, 319.12, 153.44, -43.59, 321.67
7.419, 87.08, -0.41, 359.34, 147.16, -48.88, 317.79, 148.36, -47.88, 318.53
7.447, -109.29, -1.25, 357.44, 137.70, -49.96, 316.77, 139.73, -49.56, 317.11
7.475, -60.36, -1.26, 358.23, 130.84, -50.47, 318.43, 132.53, -50.30, 318.18
7.503, 146.50, -0.99, 3.21, 127.61, -47.70, 316.00, 128.54, -48.20, 316.41
7.530, -98.81, -0.83, 8.10, 120.63, -48.22, 313.62, 122.14, -48.22, 314.15
7.558, -95.56, -0.81, 11.84, 116.42, -47.79, 310.24, 117.51, -47.87, 310.98
7.586, -70.93, -0.95, 14.21, 111.54, -46.86, 305.62, 112.67, -47.05, 306.64
7.614, -60.74, -0.76, 13.27, 112.75, -40.76, 297.84, 112.74, -41.96, 299.51
7.642, -55.13, -1.51, 9.34, 112.35, -33.44, 287.19, 112.42, -35.07, 289.54
7.670, -86.76, -1.19, 13.28, 113.52, -26.28, 284.55, 113.31, -27.95, 285.50
7.698, 22.32, -0.37, 20.26, 112.99, -19.26, 285.07, 113.05, -20.91, 285.15
7.726, -50.15, 0.89, 26.67, 113.28, -12.42, 285.15, 113.23, -14.05, 285.15
7.754, -17.41, 0.15, 25.87, 112.42, -7.39, 278.14, 112.57, -8.66, 279.48
7.782, -31.82, 0.42, 27.80, 113.88, -1.25, 273.99, 113.63, -2.67, 275.04
7.809, -31.13, 0.76, 30.17, 115.74, 2.07, 270.40, 115.33, 1.15, 271.30
7.837, -18.99, 0.75, 30.92, 118.12, 4.64, 265.31, 117.59, 3.97, 266.46
7.864, -24.27, 0.68, 30.33, 119.26, 4.75, 258.99, 118.94, 4.60, 260.43
7.892, -26.38, 0.62, 29.82, 121.37, 5.85, 252.87, 120.91, 5.61, 254.32
7.919, -12.18, 0.78, 29.45, 123.34, 4.85, 246.99, 122.87, 5.00, 248.40
7.947, 7.58, 0.54, 29.35, 124.69, 1.85, 241.50, 124.34, 2.45, 242.82
7.975, 4.47, 0.16, 29.43, 125.37, -2.28, 236.27, 125.18, -1.39, 237.50
8.003, -0.61, 0.28, 29.45, 125.45, -7.63, 231.09, 125.39, -6.43, 232.32
8.031, -19.18, 0.20, 28.34, 124.39, -14.61, 224.90, 124.59, -13.04, 226.32
8.058, -20.31, -0.46, 30.53, 124.83, -20.01, 222.09, 124.78, -18.68, 222.90
8.086, -5.22, -0.21, 34.74, 125.21, -25.43, 221.41, 125.13, -24.14, 221.70
8.114, -6.64, -0.42, 35.55, 124.49, -30.20, 217.42, 124.61, -29.03, 218.24
8.142, -25.83, -0.54, 36.98, 124.19, -32.25, 214.14, 124.27, -31.64, 214.93
8.169, -10.34, -0.43, 38.91, 124.23, -34.30, 211.46, 124.23, -33.79, 212.12
8.197, -16.34, -0.36, 39.89, 123.26, -36.74, 207.92, 123.44, -36.18, 208.73
8.225, -27.95, -0.72, 39.37, 122.76, -37.31, 202.96, 122.89, -37.09, 204.07
8.252, -14.25, -0.33, 39.54, 121.81, -37.26, 198.79, 122.02, -37.23, 199.80
8.280, -23.39, -0.48, 38.38, 120.12, -37.45, 193.37, 120.49, -37.41, 194.61
8.308, -11.94, 0.07, 37.24, 121.04, -37.12, 188.05, 120.93, -37.17, 189.31
8.335, -22.24, -0.68, 31.88, 124.79, -37.19, 178.60, 124.05, -37.19, 180.66
8.363, 33.27, -0.01, 31.69, 119.86, -36.24, 174.38, 120.66, -36.43, 175.58
8.391, -1.76, -0.23, 24.92, 121.68, -38.11, 163.68, 121.49, -37.79, 165.97
8.418, 1.00, -0.51, 24.61, 119.14, -41.28, 159.51, 119.59, -40.61, 160.75
8.446, -49.40, 0.57, 21.59, 115.86, -37.50, 152.70, 116.57, -38.09, 154.24
8.474, -0.79, -0.42, 20.27, 117.03, -31.62, 147.67, 116.94, -32.86, 148.93
8.502, -6.27, -0.25, 13.32, 117.70, -30.84, 137.08, 117.55, -31.23, 139.35
8.529, -10.19, -0.58, 8.99, 118.93, -27.93, 129.17, 118.67, -28.56, 131.12
8.557, -26.16, -0.22, 4.99, 121.58, -23.85, 121.68, 121.02, -24.76, 123.49
8.585, -6.82, -0.27, 3.84, 123.09, -22.01, 117.10, 122.69, -22.53, 118.32
8.612, -171.73, -0.55, 356.91, 124.71, -17.69, 114.65, 124.33, -18.62, 115.36
8.640, 7.79, 0.05, 349.97, 126.38, -24.41, 112.13, 125.98, -23.30, 112.75
8.668, 18.55, -0.71, 343.03, 125.79, -31.00, 109.52, 125.83, -29.52, 110.14
8.696, 18.09, -0.38, 336.03, 125.48, -36.47, 106.77, 125.55, -35.15, 107.41
8.724, 25.14, -0.44, 329.03, 126.02, -35.79, 103.94, 125.93, -35.66, 104.60
8.751, 25.03, -0.23, 322.04, 125.10, -34.45, 101.05, 125.26, -34.68, 101.72
8.779, 28.56, -0.12, 316.68, 123.89, -35.89, 99.72, 124.15, -35.66, 100.10
8.807, 29.32, -0.26, 309.77, 123.73, -33.20, 96.77, 123.81, -33.67, 97.41
8.835, 29.32, -0.09, 304.60, 124.38, -29.91, 95.48, 124.27, -30.63, 95.85
8.862, 25.79, -0.05, 301.90, 124.68, -28.83, 96.60, 124.60, -29.17, 96.46
8.890, 27.34, -0.17, 301.20, 125.20, -27.16, 99.64, 125.08, -27.55, 99.03
8.918, 24.48, -0.06, 300.77, 126.05, -24.65, 102.90, 125.86, -25.21, 102.16
8.945, 23.96, -0.04, 300.11, 126.92, -22.72, 105.86, 126.72, -23.19, 105.15
8.973, 24.33, -0.01, 302.87, 128.12, -21.85, 112.17, 127.85, -22.11, 110.82
9.001, 43.12, -0.05, 306.68, 132.60, -21.61, 119.46, 131.70, -21.71, 117.82
9.029, 29.36, -0.18, 310.23, 132.28, -19.07, 126.43, 132.17, -19.57, 124.80
9.057, 28.53, -0.26, 317.24, 131.29, -18.03, 136.79, 131.45, -18.32, 134.51
9.085, 31.65, -0.11, 324.25, 130.29, -18.55, 147.11, 130.51, -18.51, 144.72
9.113, 19.24, -0.02, 331.25, 126.24, -23.10, 157.35, 127.05, -22.23, 154.95
9.141, 5.26, -0.15, 338.23, 129.61, -28.97, 167.51, 129.12, -27.69, 165.12
9.169, -23.01, -0.46, 345.21, 131.65, -35.05, 177.62, 131.17, -33.64, 175.24
9.197, -18.53, -0.49, 352.17, 132.83, -41.41, 187.66, 132.52, -39.93, 185.29
9.225, -24.81, -0.49, 359.07, 131.55, -46.49, 197.59, 131.74, -45.23, 195.23
9.252, -35.95, -0.54, 5.99, 133.32, -47.13, 199.77, 133.02, -46.76, 198.90
9.280, -40.31, -0.23, 12.92, 134.74, -45.65, 202.05, 134.41, -45.87, 201.45
9.308, -34.67, -0.27, 18.55, 135.11, -43.33, 203.13, 134.98, -43.82, 202.81
9.335, -34.09, -0.27, 21.56, 134.82, -41.96, 201.67, 134.85, -42.32, 201.89
9.363, -36.00, -0.00, 24.65, 134.24, -39.64, 200.37, 134.36, -40.15, 200.66
9.391, -38.04, -0.11, 24.76, 133.12, -38.31, 196.17, 133.35, -38.66, 197.03
9.418, -38.28, -0.01, 21.91, 130.95, -37.64, 189.10, 131.41, -37.83, 190.62
9.446, -45.02, -0.03, 18.73, 128.84, -37.25, 181.77, 129.33, -37.36, 183.47
9.474, -44.97, -0.03, 17.01, 127.19, -36.99, 175.98, 127.60, -37.06, 177.41
9.502, -45.77, -0.07, 14.54, 125.48, -36.78, 169.52, 125.89, -36.84, 171.03
9.529, -45.29, -0.08, 14.01, 124.24, -35.46, 165.07, 124.55, -35.73, 166.22
9.556, -43.10, -0.31, 13.18, 124.38, -32.68, 160.40, 124.41, -33.27, 161.52
9.584, -39.52, -0.21, 13.06, 123.80, -30.01, 156.51, 123.92, -30.63, 157.48
9.611, -38.68, 0.13, 11.07, 123.83, -27.67, 150.83, 123.85, -28.25, 152.11
9.639, -75.76, 0.05, 10.71, 124.74, -22.79, 146.83, 124.57, -23.84, 147.85
9.667, -31.01, -0.15, 9.37, 125.95, -21.47, 141.93, 125.69, -21.92, 143.07
9.694, -31.75, -0.17, 10.20, 125.82, -19.68, 139.26, 125.79, -20.11, 139.99
9.722, -29.70, -0.10, 11.10, 124.43, -18.23, 136.73, 124.69, -18.59, 137.36
9.750, -29.00, -0.18, 9.56, 123.44, -17.07, 131.82, 123.68, -17.36, 132.88
9.778, -32.67, -0.08, 8.64, 121.22, -15.62, 127.60, 121.69, -15.95, 128.61
9.805, -46.04, 0.13, 6.04, 117.18, -14.16, 121.75, 118.04, -14.50, 123.07
9.833, -48.76, 0.14, 359.92, 112.06, -13.30, 120.02, 113.20, -13.53, 120.60
9.861, -58.79, 0.06, 353.61, 104.63, -12.93, 118.02, 106.27, -13.04, 118.51
9.889, -73.72, -0.07, 346.67, 97.05, -14.70, 115.32, 98.82, -14.38, 115.93
9.916, -76.80, -0.47, 339.72, 91.48, -14.77, 112.53, 92.88, -14.70, 113.18
9.944, -94.82, -0.64, 332.79, 88.84, -15.12, 109.69, 89.61, -15.04, 110.36
9.972, -76.67, -0.89, 325.85, 87.55, -14.86, 106.77, 87.94, -14.89, 107.46
9.999, -58.65, -1.31, 318.92, 87.69, -13.42, 103.79, 87.74, -13.70, 104.49
10.027, -48.48, -1.33, 312.00, 89.33, -11.02, 100.74, 89.03, -11.53, 101.46
10.056, 10.79, -1.37, 304.69, 90.65, -8.93, 97.22, 90.35, -9.41, 98.00
10.084, 5.26, -1.42, 299.38, 91.14, -7.21, 95.66, 90.99, -7.63, 96.11
10.111, 39.98, -1.21, 295.48, 93.61, -5.96, 95.44, 93.11, -6.28, 95.56
10.139, 42.91, -1.10, 292.88, 95.42, -2.59, 96.46, 94.97, -3.30, 96.29
10.167, 50.35, -0.95, 289.94, 96.98, 1.45, 97.07, 96.60, 0.54, 96.92
10.194, 49.51, -0.65, 289.61, 98.80, 5.22, 100.25, 98.38, 4.31, 99.60
10.222, 46.08, -0.68, 292.32, 99.38, 11.68, 106.38, 99.19, 10.27, 105.08
10.250, 23.97, -0.59, 296.74, 99.78, 18.00, 114.18, 99.67, 16.52, 112.43
10.278, 36.62, -0.21, 303.67, 100.94, 24.21, 124.42, 100.70, 22.74, 122.12
10.305, 34.13, -0.13, 310.57, 104.00, 28.96, 134.57, 103.36, 27.77, 132.18
10.333, 37.74, -0.11, 317.42, 102.72, 31.20, 144.62, 102.85, 30.54, 142.22
10.361, 35.72, -0.03, 324.40, 99.73, 35.49, 154.74, 100.33, 34.54, 152.35
10.388, 9.78, 0.15, 331.31, 94.06, 38.12, 164.73, 95.26, 37.44, 162.36
10.416, 2.46, -0.16, 338.29, 92.43, 38.60, 174.75, 92.97, 38.38, 172.39
10.444, -20.88, 0.09, 345.25, 88.97, 38.33, 184.68, 89.73, 38.34, 182.33
10.472, -29.32, 0.41, 352.21, 85.80, 35.10, 194.57, 86.55, 35.72, 192.24
10.500, -22.59, 0.26, 359.16, 84.07, 32.39, 204.40, 84.55, 33.03, 202.08
10.527, -31.36, 0.22, 6.07, 82.51, 31.15, 206.68, 82.90, 31.51, 205.80
10.555, -23.04, 0.08, 12.84, 79.31, 31.28, 208.90, 80.00, 31.32, 208.31
10.583, -35.83, 0.51, 13.36, 76.43, 32.13, 204.96, 77.12, 31.98, 205.60
10.610, -39.35, 0.44, 10.88, 74.22, 32.87, 198.10, 74.77, 32.70, 199.54
10.638, -43.93, 0.41, 6.77, 71.95, 32.45, 189.69, 72.49, 32.50, 191.58
10.666, -51.77, 0.33, 1.48, 69.25, 31.35, 180.17, 69.87, 31.57, 182.36
10.694, -53.82, 0.29, 357.75, 69.44, 28.88, 179.72, 69.52, 29.39, 180.22
10.721, -59.95, 0.10, 354.87, 68.66, 28.48, 180.07, 68.82, 28.65, 180.10
10.749, -61.74, 0.09, 349.59, 68.04, 29.00, 177.96, 68.19, 28.94, 178.37
10.777, -53.30, -0.09, 343.51, 65.52, 28.75, 174.99, 66.03, 28.79, 175.64
10.804, -75.81, -0.03, 336.56, 62.67, 24.99, 171.10, 63.32, 25.72, 171.97
10.832, -60.35, -0.37, 329.57, 56.72, 21.20, 167.12, 57.98, 22.06, 168.05
10.860, -79.84, 0.57, 322.82, 53.22, 13.67, 163.31, 54.13, 15.27, 164.22
10.888, -99.43, -0.67, 316.62, 53.74, 10.06, 160.02, 53.82, 11.05, 160.82
10.916, -100.93, -0.64, 309.67, 56.14, 5.38, 155.92, 55.70, 6.47, 156.86
10.944, -79.42, -0.99, 302.66, 58.92, -0.73, 151.72, 58.31, 0.64, 152.70
10.971, -103.10, -1.55, 297.87, 60.00, -7.79, 149.69, 59.67, -6.17, 150.27
10.999, -111.45, -1.23, 295.31, 60.54, -9.96, 149.83, 60.37, -9.24, 149.92
11.027, -117.65, -1.31, 288.39, 63.35, -6.02, 145.58, 62.78, -6.64, 146.41
11.055, 108.59, -1.39, 281.41, 68.43, 0.64, 141.21, 67.35, -0.75, 142.20
11.083, 134.76, -1.18, 282.70, 72.67, 7.18, 145.07, 71.66, 5.67, 144.52
11.111, 124.07, -1.25, 289.60, 79.67, 13.59, 154.49, 78.14, 12.08, 152.59
11.138, 141.37, -1.28, 292.25, 87.97, 19.81, 159.64, 86.09, 18.33, 158.29
11.166, 119.02, -1.01, 292.14, 95.71, 25.91, 161.96, 93.87, 24.46, 161.26
11.194, 114.90, 0.26, 290.80, 102.14, 31.92, 163.02, 100.55, 30.49, 162.68
11.221, 93.65, 0.83, 289.22, 105.17, 37.82, 163.80, 104.28, 36.41, 163.59
11.249, 87.06, 0.78, 292.32, 106.93, 43.58, 169.21, 106.42, 42.20, 168.13
11.277, 46.70, 1.23, 293.17, 107.12, 49.21, 172.34, 106.98, 47.86, 171.53
11.304, 37.48, 1.08, 287.79, 105.41, 54.75, 169.20, 105.71, 53.43, 169.65
11.332, 14.19, 0.99, 285.14, 100.69, 60.16, 168.74, 101.65, 58.87, 168.91
11.360, -9.22, 1.13, 281.77, 95.21, 63.77, 167.54, 96.44, 62.84, 167.80
11.388, -20.60, 0.96, 278.37, 90.72, 65.77, 166.25, 91.81, 65.21, 166.55
11.416, -20.10, 1.01, 278.50, 87.37, 66.45, 168.47, 88.22, 66.21, 168.10
11.443, -30.70, 1.13, 282.93, 85.01, 65.82, 174.95, 85.62, 65.90, 173.64
11.471, -46.14, 1.18, 284.70, 82.65, 63.32, 178.73, 83.22, 63.81, 177.76
11.499, -25.43, 1.17, 285.30, 80.89, 59.62, 181.31, 81.34, 60.43, 180.63
11.527, -84.59, 1.31, 283.80, 78.59, 53.18, 181.76, 79.12, 54.57, 181.54
11.554, -18.57, 1.03, 280.40, 76.84, 45.01, 180.27, 77.28, 46.84, 180.51
11.582, -48.11, 1.10, 275.38, 73.91, 37.00, 177.13, 74.55, 38.88, 177.78
11.610, -41.97, 0.98, 270.08, 74.57, 29.16, 173.67, 74.57, 31.02, 174.46
11.638, -29.16, 1.36, 265.02, 75.17, 21.43, 170.43, 75.05, 23.26, 171.20
11.666, -48.51, 1.18, 262.74, 73.88, 13.85, 169.93, 74.11, 15.64, 170.17
11.694, -122.06, 0.10, 256.03, 71.91, 6.40, 164.97, 72.33, 8.16, 165.96
11.722, 167.64, -1.15, 249.01, 75.11, -0.94, 159.67, 74.58, 0.78, 160.86
11.749, -152.60, -1.22, 244.76, 70.25, -8.07, 157.12, 71.08, -6.37, 157.83
11.777, -173.34, -1.17, 240.84, 65.09, -15.04, 154.86, 66.24, -13.38, 155.43
11.805, -153.84, -1.38, 243.12, 58.07, -21.86, 158.78, 59.64, -20.24, 158.13
11.832, -137.38, -1.12, 245.87, 52.20, -28.53, 163.13, 53.63, -26.93, 162.17
11.860, -89.57, -1.34, 248.93, 48.54, -32.63, 167.77, 49.51, -31.54, 166.70
11.888, -129.06, -1.07, 249.51, 43.47, -36.22, 169.90, 44.63, -35.32, 169.28
11.915, -153.59, -0.71, 256.43, 39.21, -39.36, 178.34, 40.25, -38.58, 176.61
11.943, -137.64, -0.88, 263.39, 35.84, -40.63, 186.80, 36.68, -40.24, 184.85
11.971, -142.34, -0.55, 270.28, 32.44, -42.58, 195.16, 33.25, -42.13, 193.18
11.999, -121.39, -0.41, 276.80, 31.12, -43.93, 203.13, 31.52, -43.59, 201.24
12.026, -124.39, -0.53, 281.08, 29.19, -43.40, 208.83, 29.64, -43.44, 207.36
12.054, -113.74, -0.34, 285.20, 31.40, -42.40, 214.35, 31.07, -42.60, 213.01
12.082, -158.65, -0.30, 282.88, 31.89, -41.91, 213.40, 31.73, -42.04, 213.33
12.110, -112.06, -0.41, 289.81, 34.63, -40.18, 221.68, 34.08, -40.54, 220.08
12.137, -100.08, -0.10, 294.47, 41.27, -40.22, 227.66, 39.90, -40.28, 226.21
12.165, -131.25, -0.53, 300.36, 47.56, -36.52, 234.86, 46.09, -37.24, 233.20
12.193, -90.96, 0.16, 307.29, 54.56, -32.67, 243.06, 52.94, -33.54, 241.17
12.220, -98.83, 0.25, 309.11, 61.26, -30.89, 246.14, 59.67, -31.40, 245.19
12.248, -88.46, 0.07, 313.24, 68.01, -28.42, 251.51, 66.41, -28.99, 250.29
12.276, -96.58, 0.15, 314.16, 74.46, -27.48, 253.65, 72.92, -27.77, 253.00
12.303, -122.98, -0.01, 308.45, 80.25, -24.11, 249.13, 78.84, -24.81, 249.87
12.331, 174.83, 0.46, 308.33, 91.91, -19.09, 250.18, 89.41, -20.19, 250.12
12.359, -16.58, 0.65, 311.88, 99.51, -15.66, 254.88, 97.57, -16.52, 253.97
12.387, -28.44, 0.19, 308.46, 106.74, -12.90, 252.59, 104.99, -13.59, 252.85
12.414, -32.87, 0.75, 302.60, 113.76, -9.15, 247.85, 112.09, -10.00, 248.80
12.442, 47.46, 0.16, 295.60, 118.73, -2.39, 241.94, 117.47, -3.84, 243.25
12.470, -21.90, 0.54, 288.71, 119.91, 4.14, 236.12, 119.44, 2.61, 237.49
12.498, 15.73, 0.42, 290.03, 127.16, 10.07, 238.50, 125.68, 8.64, 238.30
12.525, -8.41, 0.39, 291.22, 130.10, 15.92, 240.73, 129.25, 14.52, 240.27
12.553, 134.61, 0.89, 294.08, 136.10, 22.12, 244.61, 134.78, 20.66, 243.78
12.581, 24.99, 1.17, 290.85, 138.56, 22.49, 242.38, 137.84, 22.14, 242.65
12.608, 19.99, 1.14, 288.54, 138.38, 22.02, 241.05, 138.27, 22.04, 241.36
12.636, 34.38, 1.17, 287.19, 139.61, 21.03, 240.67, 139.35, 21.23, 240.80
12.663, 1.23, 1.26, 288.06, 138.80, 17.15, 242.49, 138.90, 17.94, 242.17
12.691, 30.25, 1.31, 289.91, 137.49, 9.82, 245.27, 137.76, 11.39, 244.67
12.718, 28.37, 1.15, 290.21, 135.09, 2.63, 246.49, 135.61, 4.32, 246.14
12.746, 1.43, 1.18, 292.76, 130.54, -4.49, 249.94, 131.51, -2.81, 249.21
12.774, -25.33, 1.11, 293.46, 126.03, -11.44, 251.53, 127.08, -9.78, 251.08
12.801, 56.60, -0.32, 297.68, 121.36, -18.28, 256.61, 122.46, -16.65, 255.55
12.829, -91.95, 0.34, 300.42, 113.36, -24.92, 260.21, 115.11, -23.33, 259.31
12.856, -144.85, -0.82, 298.67, 104.44, -31.47, 259.30, 106.49, -29.90, 259.30
12.884, -151.28, -0.70, 297.46, 95.57, -37.87, 258.91, 97.68, -36.34, 258.99
12.911, -127.05, -0.90, 293.65, 87.33, -44.18, 255.92, 89.32, -42.68, 256.51
12.939, -136.18, -0.87, 294.22, 79.10, -50.33, 257.28, 81.07, -48.85, 257.13
12.966, -122.00, -0.70, 292.87, 71.31, -54.31, 256.71, 73.20, -53.26, 256.79
12.994, -127.02, -0.74, 292.98, 65.11, -56.07, 257.59, 66.67, -55.53, 257.44
13.022, -118.72, -0.72, 294.40, 61.27, -55.71, 259.77, 62.31, -55.67, 259.32
13.049, -135.90, -0.68, 294.94, 56.31, -55.59, 261.06, 57.47, -55.60, 260.72
13.077, -121.47, -0.70, 297.49, 51.58, -54.24, 264.33, 52.72, -54.50, 263.63
13.104, -117.90, -0.43, 298.51, 48.43, -53.12, 266.07, 49.26, -53.39, 265.60
13.132, -122.52, -0.40, 299.00, 45.92, -52.66, 267.26, 46.57, -52.80, 266.94
13.159, -124.24, -0.30, 300.19, 44.42, -52.83, 269.15, 44.83, -52.82, 268.72
13.187, -132.90, -0.19, 298.69, 41.16, -55.20, 268.32, 41.87, -54.74, 268.40
13.214, -140.94, -0.22, 296.58, 37.57, -58.37, 266.88, 38.40, -57.67, 267.17
13.242, -135.00, -0.62, 289.63, 36.70, -50.70, 260.59, 37.02, -52.03, 261.85
13.270, -78.65, 0.93, 294.08, 40.47, -56.07, 265.68, 39.81, -55.30, 264.95
13.297, -138.48, -0.65, 297.29, 43.35, -57.94, 269.52, 42.67, -57.43, 268.64
13.325, -154.89, -0.37, 290.40, 43.23, -57.77, 263.25, 43.12, -57.71, 264.29
13.352, -150.39, -0.36, 291.59, 42.92, -54.26, 265.05, 42.96, -54.93, 264.91
13.380, -138.22, -0.99, 294.10, 42.68, -54.24, 268.17, 42.73, -54.37, 267.54
13.407, -146.62, -0.59, 294.94, 42.35, -54.53, 269.60, 42.42, -54.50, 269.20
13.435, -135.53, -0.43, 294.05, 41.39, -53.65, 269.29, 41.59, -53.81, 269.27
13.463, -142.78, -0.59, 293.32, 40.75, -52.35, 269.12, 40.91, -52.63, 269.15
13.490, -140.44, -0.58, 294.06, 40.06, -51.81, 270.43, 40.22, -51.97, 270.18
13.518, -139.62, -0.49, 294.44, 39.45, -51.10, 271.35, 39.60, -51.26, 271.13
13.546, -139.55, -0.51, 293.97, 38.72, -50.17, 271.43, 38.89, -50.38, 271.37
13.573, -140.89, -0.53, 293.57, 37.96, -49.30, 271.55, 38.14, -49.50, 271.52
13.601, -140.39, -0.55, 293.79, 37.36, -48.58, 272.30, 37.51, -48.75, 272.15
13.629, -139.78, -0.52, 294.03, 36.72, -47.89, 273.05, 36.87, -48.06, 272.88
13.657, -139.41, -0.52, 293.75, 36.07, -47.08, 273.28, 36.22, -47.26, 273.20
13.684, -140.22, -0.54, 293.54, 35.42, -46.29, 273.56, 35.58, -46.48, 273.49
13.712, -139.87, -0.54, 293.60, 34.81, -45.60, 274.11, 34.96, -45.77, 273.99
13.740, -140.07, -0.53, 293.66, 34.21, -44.92, 274.64, 34.35, -45.08, 274.52
13.768, -139.31, -0.52, 293.57, 33.62, -44.20, 275.02, 33.76, -44.37, 274.93
13.796, -140.17, -0.53, 293.42, 33.04, -43.51, 275.33, 33.18, -43.67, 275.26
13.823, -139.67, -0.53, 293.38, 32.46, -42.85, 275.75, 32.60, -43.00, 275.65
13.851, -140.72, -0.53, 293.41, 31.90, -42.21, 276.22, 32.03, -42.36, 276.11
13.879, -140.20, -0.52, 293.34, 31.34, -41.57, 276.58, 31.47, -41.73, 276.49
13.906, -140.12, -0.54, 293.18, 30.76, -40.91, 276.86, 30.90, -41.07, 276.79
13.934, -140.15, -0.55, 293.14, 30.22, -40.30, 277.24, 30.35, -40.45, 277.15
13.962, -140.30, -0.53, 293.25, 29.70, -39.72, 277.76, 29.83, -39.86, 277.65
13.989, -140.61, -0.53, 293.19, 29.16, -39.11, 278.11, 29.29, -39.25, 278.03
14.017, -140.73, -0.55, 293.03, 28.62, -38.48, 278.35, 28.75, -38.63, 278.29
14.045, -139.91, -0.56, 293.17, 28.11, -37.90, 278.88, 28.23, -38.04, 278.77
14.072, -140.86, -0.56, 293.32, 27.57, -37.34, 279.42, 27.69, -37.48, 279.29
14.100, -142.71, -0.55, 293.27, 26.94, -36.76, 279.74, 27.08, -36.90, 279.66
