0.000, -134.68, -0.43, 360.00, 0.71, 0.01, 349.51, 0.00, 0.00, 1.23
0.028, -135.55, -0.43, 359.23, 0.23, 0.05, 353.98, 0.18, 0.04, 287.38
0.056, -136.88, -0.49, 359.59, -0.30, -0.03, 356.30, -0.20, -0.02, 343.07
0.084, -135.40, -0.44, 0.33, -0.08, -0.15, 249.94, -0.11, -0.12, 267.81
0.111, -134.95, -0.44, 0.03, 0.01, -0.06, 170.77, -0.01, -0.07, 189.45
0.139, -134.48, -0.43, 359.64, 0.07, -0.04, 207.32, 0.05, -0.05, 203.88
0.166, -135.62, -0.47, 359.48, -0.05, 0.03, 240.49, -0.03, 0.01, 233.41
0.194, -136.24, -0.45, 359.60, -0.25, -0.02, 269.83, -0.21, -0.01, 262.83
0.221, -135.05, -0.42, 359.75, -0.06, -0.09, 294.67, -0.09, -0.08, 288.54
0.249, -135.24, -0.42, 359.76, 0.01, -0.05, 314.84, -0.01, -0.05, 309.77
0.276, -135.84, -0.45, 359.47, -0.15, 0.08, 330.68, -0.13, 0.06, 326.64
0.304, -135.99, -0.46, 359.49, -0.26, 0.10, 343.46, -0.23, 0.09, 340.23
0.332, -135.76, -0.44, 359.57, -0.28, 0.02, 353.49, -0.27, 0.03, 350.93
0.359, -135.44, -0.44, 359.92, -0.19, -0.07, 361.61, -0.20, -0.05, 359.55
0.387, -134.91, -0.42, 359.86, -0.09, -0.08, 367.58, -0.11, -0.07, 366.04
0.414, -134.84, -0.42, 359.37, -0.07, 0.04, 371.77, -0.07, 0.02, 370.67
0.442, -136.27, -0.47, 359.35, -0.28, 0.04, 375.32, -0.24, 0.04, 374.43
0.469, -134.69, -0.45, 359.65, 0.05, -0.04, 378.40, -0.01, -0.03, 377.63
0.497, -135.13, -0.43, 359.62, 0.06, -0.03, 380.50, 0.05, -0.03, 379.95
0.524, -136.37, -0.44, 359.49, -0.07, 0.03, 382.00, -0.04, 0.02, 381.61
0.552, -133.45, -0.43, 359.52, 0.25, -0.03, 383.25, 0.20, -0.02, 382.94
0.579, -134.73, -0.46, 359.53, 0.34, 0.06, 384.18, 0.31, 0.05, 383.94
0.607, -136.71, -0.45, 359.46, 0.16, 0.09, 384.78, 0.19, 0.08, 384.61
0.635, -135.05, -0.45, 359.57, 0.26, 0.02, 385.34, 0.24, 0.03, 385.20
0.662, -136.71, -0.44, 359.77, 0.08, -0.04, 385.85, 0.11, -0.03, 385.72
0.690, -135.08, -0.43, 359.35, 0.03, -0.01, 385.59, 0.05, -0.02, 385.61
0.717, -135.72, -0.46, 359.32, -0.07, -0.03, 385.62, -0.05, -0.03, 385.62
0.745, -122.10, -0.28, 352.98, -2.21, -2.09, 379.25, -1.79, -1.69, 380.48
0.772, -165.03, -0.62, 348.98, 0.26, 4.17, 375.16, -0.13, 3.04, 376.19
0.800, 177.27, -0.22, 342.10, 37.38, 4.17, 368.12, 30.14, 3.96, 369.68
0.828, -128.06, -0.74, 339.63, 38.00, 6.07, 365.48, 36.49, 5.66, 366.29
0.855, -136.14, -0.74, 337.10, 38.81, 8.59, 362.74, 38.36, 8.03, 363.42
0.883, -131.89, -0.98, 335.99, 39.41, 13.49, 361.38, 39.21, 12.44, 361.77
0.910, -128.75, 0.29, 338.22, 42.61, 16.03, 363.34, 41.96, 15.34, 363.04
0.938, -133.53, -1.16, 340.06, 41.67, 17.41, 364.89, 41.72, 17.01, 364.53
0.966, -123.61, -1.05, 340.41, 44.22, 21.21, 364.94, 43.74, 20.40, 364.86
0.993, -105.04, -1.17, 343.52, 47.99, 24.56, 367.73, 47.17, 23.76, 367.18
1.021, -87.35, -0.21, 345.96, 54.07, 27.61, 369.85, 52.74, 26.87, 369.34
1.048, -27.39, -0.70, 346.58, 63.18, 29.23, 370.14, 61.17, 28.77, 369.99
1.076, -57.89, -0.79, 348.29, 69.50, 31.66, 371.52, 67.89, 31.10, 371.23
1.103, -49.67, -0.48, 349.16, 75.76, 33.83, 372.06, 74.25, 33.30, 371.90
1.131, -43.30, 0.06, 350.76, 83.24, 35.80, 373.33, 81.51, 35.32, 373.05
1.158, 5.62, 0.21, 349.14, 93.26, 37.53, 371.38, 90.99, 37.10, 371.70
1.186, -4.85, 0.14, 347.52, 97.35, 38.79, 369.42, 96.12, 38.47, 369.86
1.214, -46.37, 0.31, 344.40, 98.65, 38.62, 365.98, 98.17, 38.59, 366.72
1.241, 1.13, 0.31, 340.64, 104.64, 38.76, 361.89, 103.39, 38.73, 362.82
1.269, -11.29, 0.35, 343.53, 107.85, 37.32, 364.46, 106.99, 37.59, 364.15
1.296, -21.82, 0.50, 346.42, 111.45, 36.24, 367.04, 110.59, 36.50, 366.48
1.324, -10.97, 0.36, 347.83, 114.73, 34.85, 368.13, 113.93, 35.17, 367.81
1.351, -18.30, 0.63, 349.22, 117.09, 32.70, 369.21, 116.48, 33.17, 368.94
1.379, -20.16, 0.49, 350.81, 119.95, 29.97, 370.50, 119.28, 30.59, 370.20
1.407, -19.50, 0.64, 353.22, 123.16, 27.88, 372.61, 122.42, 28.40, 372.15
1.434, 0.09, 0.58, 353.98, 126.22, 25.32, 373.08, 125.49, 25.91, 372.90
1.462, -16.27, 0.65, 354.57, 128.36, 22.66, 373.37, 127.81, 23.28, 373.28
1.489, -25.79, 0.88, 354.57, 130.28, 19.16, 373.08, 129.81, 19.96, 373.12
1.517, 3.44, 0.49, 353.43, 132.79, 16.62, 371.65, 132.21, 17.27, 371.93
1.544, 5.37, 0.58, 352.43, 134.86, 14.26, 370.36, 134.35, 14.84, 370.66
1.572, -7.10, 0.90, 354.09, 135.96, 11.67, 371.75, 135.65, 12.28, 371.54
1.599, 6.87, 0.75, 355.03, 138.61, 9.21, 372.42, 138.04, 9.80, 372.25
1.627, 22.75, 0.82, 356.74, 141.07, 4.82, 373.86, 140.48, 5.77, 373.55
1.655, 21.60, 0.99, 357.61, 142.44, -0.10, 374.47, 142.07, 1.03, 374.29
1.682, 19.45, 0.98, 357.61, 142.40, -7.35, 374.20, 142.33, -5.74, 374.22
1.710, 23.78, 0.95, 356.66, 141.91, -15.56, 373.00, 141.99, -13.67, 373.23
1.737, 19.32, 0.97, 355.98, 140.42, -23.18, 372.06, 140.72, -21.35, 372.29
1.765, 11.43, 1.03, 354.96, 137.63, -30.25, 370.79, 138.22, -28.54, 371.08
1.792, 0.94, 0.76, 352.99, 134.04, -36.88, 368.58, 134.84, -35.28, 369.06
1.820, -2.85, 0.03, 348.46, 130.97, -43.03, 363.80, 131.72, -41.53, 364.81
1.848, -45.58, -1.37, 342.65, 125.64, -48.84, 357.75, 126.81, -47.43, 359.11
1.875, -173.60, -1.40, 338.12, 111.94, -54.19, 352.98, 114.81, -52.88, 354.17
1.903, -150.06, -1.33, 334.48, 100.51, -59.21, 349.12, 103.26, -57.99, 350.09
1.930, -147.28, -1.20, 331.30, 89.64, -63.82, 345.71, 92.26, -62.69, 346.55
1.958, -133.45, -1.19, 326.38, 82.18, -68.10, 340.56, 84.12, -67.06, 341.71
1.985, -131.34, -1.36, 322.57, 76.14, -71.35, 336.53, 77.68, -70.52, 337.53
2.013, -145.26, -1.25, 319.28, 69.90, -73.08, 333.01, 71.40, -72.59, 333.88
2.040, -153.37, -1.20, 318.57, 63.97, -73.79, 332.09, 65.40, -73.56, 332.44
2.068, -155.01, -1.19, 318.56, 58.47, -74.43, 331.86, 59.81, -74.27, 331.97
2.095, -159.99, -1.24, 318.73, 52.90, -74.55, 331.81, 54.23, -74.50, 331.84
2.123, -146.99, -1.15, 319.75, 48.95, -73.51, 332.63, 49.97, -73.70, 332.48
2.151, -150.05, -1.11, 321.88, 45.35, -71.38, 334.56, 46.24, -71.83, 334.16
2.178, -150.65, -1.18, 325.07, 41.99, -69.64, 337.54, 42.81, -70.06, 336.89
2.206, -143.53, -1.08, 330.78, 39.01, -67.78, 343.05, 39.74, -68.22, 341.86
2.233, -123.61, -0.97, 329.00, 38.58, -63.18, 341.07, 38.80, -64.15, 341.22
2.261, -146.61, -1.08, 329.61, 36.02, -58.60, 341.49, 36.55, -59.67, 341.43
2.288, -134.04, -1.09, 329.63, 35.01, -53.15, 341.32, 35.31, -54.40, 341.34
2.316, -143.51, -1.14, 329.68, 33.40, -45.84, 341.18, 33.77, -47.49, 341.21
2.343, -136.76, -1.06, 331.31, 33.09, -37.44, 342.61, 33.22, -39.38, 342.34
2.371, -156.61, -1.14, 328.67, 32.21, -29.48, 339.79, 32.41, -31.38, 340.28
2.399, -151.56, -1.04, 330.00, 31.66, -21.95, 340.94, 31.81, -23.76, 340.81
2.426, -123.29, -1.47, 331.63, 32.19, -14.85, 342.39, 32.11, -16.57, 342.09
2.454, -115.91, -1.47, 334.35, 31.70, -8.17, 344.93, 31.78, -9.78, 344.38
2.481, -84.34, -1.18, 337.09, 34.56, -1.83, 347.49, 34.02, -3.36, 346.89
2.509, -22.60, -0.74, 340.44, 40.27, 4.17, 350.67, 39.06, 2.71, 349.94
2.537, -8.70, -0.04, 343.78, 45.88, 9.88, 353.83, 44.57, 8.50, 353.08
2.564, -15.42, 0.37, 345.90, 50.01, 15.30, 355.78, 48.97, 14.00, 355.26
2.592, -12.49, 0.65, 348.60, 54.66, 20.41, 358.31, 53.56, 19.18, 357.72
2.619, -5.27, 0.91, 351.55, 59.97, 25.24, 361.09, 58.74, 24.07, 360.44
2.647, -4.02, 0.85, 353.57, 64.38, 29.54, 362.95, 63.30, 28.49, 362.47
2.674, -11.81, 0.95, 354.24, 67.24, 32.18, 363.46, 66.48, 31.47, 363.27
2.702, -16.05, 0.97, 354.62, 68.46, 33.70, 363.67, 68.08, 33.27, 363.59
2.730, -15.78, 0.93, 355.63, 71.47, 34.67, 364.52, 70.82, 34.40, 364.34
2.757, -15.55, 0.92, 356.05, 74.07, 34.20, 364.78, 73.45, 34.24, 364.70
2.785, -19.43, 0.92, 355.84, 75.85, 33.14, 364.41, 75.39, 33.35, 364.47
2.812, -31.65, 0.98, 356.65, 77.08, 32.16, 365.08, 76.76, 32.39, 364.96
2.840, -8.20, 0.98, 356.77, 79.67, 30.13, 365.04, 79.11, 30.56, 365.02
2.868, -19.41, 0.91, 357.31, 81.65, 28.11, 365.44, 81.16, 28.58, 365.36
2.895, -24.95, 0.90, 357.36, 83.47, 25.86, 365.33, 83.03, 26.38, 365.34
2.923, -25.04, 0.76, 357.16, 85.26, 23.81, 364.99, 84.83, 24.31, 365.06
2.950, -10.54, 0.78, 354.76, 87.23, 21.63, 362.44, 86.77, 22.14, 362.95
2.978, -11.25, 0.87, 353.31, 89.46, 20.18, 360.85, 88.94, 20.55, 361.25
3.005, -30.11, 0.91, 353.46, 90.56, 18.67, 360.86, 90.25, 19.03, 360.94
3.033, -31.28, 0.83, 353.74, 92.04, 17.02, 361.00, 91.70, 17.41, 360.99
3.060, -23.29, 0.95, 354.55, 93.49, 15.44, 361.67, 93.14, 15.82, 361.54
3.088, -25.44, 1.04, 355.53, 94.91, 13.64, 362.51, 94.57, 14.06, 362.33
3.116, -29.13, 1.19, 356.22, 95.57, 9.94, 363.07, 95.37, 10.73, 362.93
3.143, -38.79, 1.20, 355.81, 96.09, 3.98, 362.53, 95.95, 5.28, 362.60
3.171, 3.92, 1.26, 356.32, 98.46, -3.75, 362.91, 97.98, -2.01, 362.85
3.198, -27.60, 1.36, 357.23, 99.18, -11.09, 363.69, 98.95, -9.34, 363.53
3.226, 14.48, 1.30, 352.59, 102.01, -18.01, 358.92, 101.42, -16.34, 359.81
3.254, 22.37, 0.47, 352.11, 105.85, -24.61, 358.32, 104.99, -23.01, 358.61
3.281, 38.57, 0.94, 350.17, 106.65, -30.82, 356.25, 106.33, -29.31, 356.70
3.309, 87.05, -0.80, 347.70, 109.92, -36.75, 353.66, 109.23, -35.31, 354.25
3.336, -165.73, -1.15, 345.26, 98.86, -42.39, 351.10, 100.85, -41.03, 351.70
3.364, -145.53, -0.97, 341.63, 90.37, -47.71, 347.34, 92.38, -46.43, 348.18
3.391, 149.01, -1.30, 339.33, 97.87, -52.75, 344.93, 96.82, -51.53, 345.55
3.419, -136.86, -1.09, 345.99, 87.27, -57.47, 351.47, 89.11, -56.33, 350.33
3.447, -120.84, -0.99, 352.35, 79.47, -61.92, 357.72, 81.32, -60.85, 356.31
3.474, -79.76, -0.95, 359.15, 73.49, -62.42, 364.41, 75.00, -62.12, 362.85
3.502, -108.86, -0.58, 1.88, 68.33, -61.62, 348.71, 69.62, -61.72, 351.44
3.529, -109.73, -0.63, 0.16, 64.90, -59.91, 329.23, 65.81, -60.26, 333.50
3.557, -114.75, -0.81, 5.36, 60.17, -58.04, 317.31, 61.26, -58.47, 320.43
3.584, -106.43, -0.44, 11.77, 57.81, -55.94, 307.22, 58.47, -56.43, 309.77
3.612, -109.30, -0.39, 10.14, 60.37, -51.88, 289.70, 60.00, -52.76, 293.57
3.640, -113.16, -0.53, 6.01, 64.64, -46.08, 270.27, 63.75, -47.36, 274.75
3.667, -116.06, -0.59, 1.77, 69.21, -38.58, 251.30, 68.16, -40.28, 255.83
3.695, -134.21, -0.55, 357.08, 72.67, -30.42, 250.58, 71.80, -32.31, 251.59
3.722, -120.55, -0.63, 355.28, 76.52, -22.71, 252.65, 75.61, -24.56, 252.45
3.750, -90.40, -0.65, 350.17, 81.68, -15.35, 251.30, 80.52, -17.12, 251.52
3.777, -24.75, -0.56, 347.56, 89.86, -8.34, 252.33, 88.06, -10.03, 252.17
3.805, -49.52, -0.05, 342.50, 96.42, -1.62, 250.80, 94.82, -3.23, 251.06
3.833, 22.59, 0.69, 342.79, 106.24, 4.77, 254.52, 104.05, 3.23, 253.85
3.860, -30.46, -0.11, 341.24, 112.95, 9.50, 256.29, 111.23, 8.30, 255.82
3.888, 60.87, 0.31, 342.85, 123.89, 15.30, 261.13, 121.45, 13.95, 260.11
3.915, 47.36, 0.70, 343.94, 131.87, 17.77, 265.35, 129.86, 17.04, 264.34
3.943, 50.04, 0.65, 345.26, 139.11, 18.46, 269.71, 137.33, 18.19, 268.68
3.970, 52.58, 0.44, 346.14, 145.44, 17.87, 273.53, 143.88, 17.93, 272.60
3.998, 56.68, 0.36, 347.07, 151.38, 16.88, 277.32, 149.92, 17.09, 276.40
4.025, 56.59, 0.29, 347.79, 155.26, 14.35, 280.81, 154.24, 14.87, 279.96
4.053, 56.98, 0.20, 347.58, 156.85, 10.97, 283.28, 156.35, 11.72, 282.64
4.080, 59.71, 0.14, 346.69, 156.15, 6.93, 284.99, 156.19, 7.85, 284.54
4.108, 62.36, 0.13, 346.39, 152.36, 3.07, 287.21, 153.10, 3.99, 286.70
4.135, 64.76, 0.14, 346.33, 148.75, -3.99, 289.59, 149.59, -2.46, 289.03
4.163, 62.16, -0.74, 345.84, 145.22, -9.08, 291.46, 146.06, -7.81, 291.00
4.191, 8.88, -0.27, 345.51, 139.25, -14.76, 293.42, 140.56, -13.42, 292.95
4.218, 63.42, -0.76, 346.39, 136.31, -19.00, 296.52, 137.13, -17.93, 295.83
4.246, -67.28, -0.75, 346.39, 127.06, -24.77, 298.67, 129.00, -23.45, 298.12
4.273, -62.79, -0.62, 341.71, 118.43, -29.23, 296.07, 120.47, -28.11, 296.46
4.301, -113.16, -0.73, 341.32, 107.68, -34.14, 297.68, 110.14, -32.98, 297.44
4.328, -113.24, -0.78, 340.56, 97.45, -39.25, 298.87, 99.90, -38.03, 298.59
4.356, -122.51, -0.97, 342.81, 87.14, -42.08, 303.00, 89.60, -41.30, 302.15
4.383, -98.23, -0.73, 339.18, 78.51, -44.72, 301.18, 80.65, -44.06, 301.37
4.411, -118.68, -0.79, 332.27, 71.52, -45.22, 296.04, 73.28, -45.00, 297.07
4.438, -145.86, -0.77, 331.75, 62.30, -47.37, 297.22, 64.42, -46.91, 297.19
4.466, -120.96, -0.70, 334.91, 57.23, -47.93, 302.03, 58.62, -47.73, 301.09
4.494, -118.52, -0.66, 339.35, 53.60, -48.26, 308.05, 54.56, -48.16, 306.72
4.521, -112.21, -0.48, 343.38, 51.88, -48.81, 313.61, 52.40, -48.69, 312.29
4.549, -112.27, -0.50, 346.25, 55.83, -48.02, 317.97, 55.17, -48.15, 316.88
4.576, -117.24, -0.49, 348.57, 60.65, -45.72, 321.72, 59.60, -46.19, 320.79
4.604, -125.41, -0.51, 347.83, 64.81, -40.85, 322.36, 63.80, -41.88, 322.06
4.632, -127.22, -0.57, 346.29, 68.64, -34.85, 322.15, 67.71, -36.20, 322.14
4.659, -122.01, -0.46, 342.31, 72.48, -28.80, 319.46, 71.57, -30.22, 319.98
4.687, -118.34, -1.10, 340.40, 76.28, -21.93, 318.80, 75.37, -23.52, 319.03
4.714, -57.43, -0.75, 339.65, 82.86, -16.90, 319.25, 81.42, -18.17, 319.21
4.742, -68.43, -1.07, 336.08, 88.54, -12.99, 316.83, 87.17, -13.99, 317.29
4.769, 114.95, -1.48, 331.23, 103.04, -7.73, 313.09, 99.98, -8.94, 313.90
4.797, 49.47, -0.59, 326.12, 113.72, -1.13, 309.06, 111.08, -2.63, 309.99
4.825, 47.90, -0.39, 321.34, 121.62, 3.70, 305.31, 119.58, 2.48, 306.21
4.852, 55.41, -0.64, 317.47, 129.55, 9.80, 302.44, 127.63, 8.39, 303.16
4.880, 50.48, -0.14, 316.32, 136.41, 15.54, 302.24, 134.72, 14.17, 302.42
4.907, 72.98, 0.08, 318.13, 145.68, 21.52, 304.98, 143.57, 20.11, 304.49
4.935, 58.31, 0.48, 316.95, 152.32, 26.09, 304.68, 150.64, 24.94, 304.64
4.963, 64.71, 0.24, 317.67, 157.56, 29.76, 306.25, 156.23, 28.84, 305.95
4.990, 56.89, 0.61, 318.93, 162.68, 32.24, 308.33, 161.43, 31.58, 307.87
5.018, 67.20, 0.43, 320.65, 164.60, 32.91, 310.84, 163.99, 32.65, 310.27
5.047, 59.56, 0.46, 321.09, 161.64, 29.65, 312.06, 162.07, 30.20, 311.74
5.075, 62.53, 0.58, 323.41, 157.30, 25.04, 315.11, 158.22, 26.03, 314.46
5.103, 64.49, 0.57, 322.41, 153.32, 18.58, 314.81, 154.26, 20.01, 314.74
5.130, 67.84, 0.59, 321.09, 149.77, 11.35, 314.15, 150.64, 13.02, 314.27
5.158, 73.25, 0.61, 319.83, 146.71, 4.31, 313.53, 147.47, 5.99, 313.68
5.185, 132.25, -0.53, 317.53, 146.81, -2.43, 311.85, 146.93, -0.80, 312.20
5.213, -44.01, -0.74, 312.80, 138.19, -8.87, 307.70, 139.87, -7.32, 308.57
5.240, -145.45, -1.07, 306.64, 124.92, -15.00, 302.11, 127.80, -13.52, 303.35
5.268, -127.35, -0.87, 300.95, 113.10, -20.80, 296.95, 115.93, -19.40, 298.18
5.295, -120.25, -0.90, 295.55, 102.13, -26.32, 292.07, 104.78, -24.99, 293.24
5.323, -131.51, -0.95, 293.07, 91.07, -30.64, 290.08, 93.71, -29.55, 290.68
5.351, -129.12, -0.89, 291.30, 81.93, -33.67, 288.78, 84.19, -32.87, 289.14
5.378, -135.05, -0.86, 291.42, 73.99, -35.07, 289.35, 75.95, -34.64, 289.31
5.406, -132.16, -0.74, 293.20, 66.07, -36.82, 291.56, 67.98, -36.40, 291.12
5.433, -111.11, -0.62, 294.96, 63.68, -37.11, 293.72, 64.51, -36.97, 293.22
5.461, -127.13, -0.60, 296.78, 63.11, -36.39, 295.93, 63.38, -36.51, 295.41
5.488, -116.20, -0.38, 296.57, 63.58, -36.64, 296.09, 63.54, -36.62, 295.96
5.516, -126.43, -0.55, 294.60, 65.07, -36.79, 294.47, 64.78, -36.76, 294.76
5.543, -114.01, -0.55, 291.53, 69.43, -34.91, 291.73, 68.53, -35.27, 292.32
5.571, -124.39, -0.85, 289.96, 73.04, -30.48, 290.49, 72.18, -31.40, 290.84
5.599, -140.37, -0.44, 290.62, 75.63, -25.27, 291.45, 74.97, -26.45, 291.33
5.626, -124.47, -0.41, 291.10, 78.81, -23.45, 292.21, 78.08, -24.03, 292.04
5.654, -101.05, -0.68, 291.66, 82.93, -22.74, 293.04, 82.00, -22.99, 292.85
5.681, -107.82, -0.55, 291.41, 86.47, -26.20, 293.05, 85.61, -25.58, 293.01
5.709, -115.57, -0.95, 289.19, 89.40, -28.92, 291.08, 88.67, -28.28, 291.45
5.736, -116.21, -1.39, 288.34, 92.08, -27.43, 290.45, 91.42, -27.59, 290.64
5.764, -110.42, -1.05, 285.03, 94.88, -21.27, 287.36, 94.21, -22.48, 287.99
5.792, -136.09, -1.33, 283.20, 96.22, -13.84, 285.73, 95.83, -15.51, 286.16
5.819, -16.31, -1.52, 282.19, 103.36, -8.71, 284.91, 101.91, -10.02, 285.15
5.847, 31.87, -1.36, 279.51, 112.54, -1.43, 282.41, 110.50, -3.08, 282.94
5.874, 51.63, -1.34, 276.51, 122.16, 5.61, 279.58, 119.90, 3.93, 280.23
5.902, 98.31, -1.24, 272.30, 133.13, 12.31, 275.52, 130.58, 10.69, 276.43
5.929, 56.45, 0.31, 266.44, 139.66, 18.80, 269.82, 137.91, 17.24, 271.09
5.957, 54.44, -0.29, 260.54, 143.30, 24.89, 264.05, 142.26, 23.42, 265.41
5.984, 46.68, 0.27, 253.65, 146.99, 29.60, 257.28, 146.08, 28.41, 258.85
6.012, 51.18, 0.70, 246.94, 147.06, 33.99, 250.70, 146.87, 32.91, 252.27
6.040, 53.14, 0.65, 242.67, 144.60, 32.37, 246.53, 145.04, 32.47, 247.64
6.067, 47.61, 0.57, 239.08, 139.76, 29.99, 243.04, 140.78, 30.47, 243.92
6.095, 51.41, 0.81, 236.52, 135.38, 26.33, 240.57, 136.42, 27.13, 241.22
6.122, -38.23, 0.83, 233.51, 126.80, 19.20, 237.65, 128.65, 20.72, 238.34
6.150, -45.25, 0.50, 229.70, 118.29, 12.20, 233.92, 120.28, 13.84, 234.77
6.177, -89.68, 0.49, 224.23, 107.98, 5.40, 228.52, 110.35, 7.03, 229.72
6.205, -102.63, -0.18, 217.33, 97.48, -1.10, 221.68, 99.96, 0.46, 223.23
6.232, -131.11, -0.59, 210.44, 86.05, -7.29, 214.84, 88.73, -5.79, 216.46
6.260, -147.57, -0.79, 203.58, 75.33, -13.14, 208.03, 77.92, -11.72, 209.66
6.287, -144.24, -0.92, 196.68, 67.08, -18.74, 201.17, 69.17, -17.39, 202.81
6.315, -142.19, -0.79, 196.52, 62.48, -20.21, 201.05, 63.76, -19.67, 201.39
6.343, -131.60, -0.87, 196.68, 62.77, -18.77, 201.25, 62.96, -18.94, 201.27
6.370, -125.11, -0.92, 201.49, 66.16, -10.92, 206.08, 65.55, -12.46, 205.16
6.398, -155.04, -1.09, 205.57, 67.86, -3.46, 210.18, 67.42, -5.18, 209.22
6.426, -165.14, -1.03, 210.22, 68.88, 3.61, 214.85, 68.60, 1.92, 213.77
6.453, 33.25, -0.66, 213.28, 79.61, 10.34, 217.92, 77.49, 8.72, 217.12
6.481, 69.31, -0.98, 210.26, 91.67, 16.72, 214.91, 88.94, 15.18, 215.34
6.508, 89.27, 0.93, 211.76, 104.21, 22.85, 216.41, 101.27, 21.37, 216.21
6.536, 62.25, 0.92, 214.43, 108.85, 20.78, 219.09, 107.39, 20.89, 218.53
6.563, 48.67, 0.64, 213.94, 112.54, 18.16, 218.59, 111.55, 18.69, 218.58
6.591, 62.11, 0.77, 213.23, 112.33, 11.06, 217.88, 112.18, 12.53, 218.01
6.618, 85.16, 0.77, 212.96, 110.84, 4.31, 217.59, 111.10, 5.89, 217.67
6.646, 133.21, -0.40, 212.39, 111.90, -2.16, 217.01, 111.74, -0.61, 217.14
6.674, 150.13, -0.94, 211.04, 113.87, -8.33, 215.64, 113.46, -6.84, 215.93
6.701, -171.46, -0.94, 209.75, 99.94, -14.19, 214.33, 102.54, -12.77, 214.64
6.729, -167.30, -1.15, 210.18, 86.78, -19.76, 214.73, 89.81, -18.42, 214.71
6.756, -148.25, -0.93, 210.29, 75.12, -24.61, 214.82, 77.94, -23.42, 214.80
6.784, -148.83, -0.83, 212.77, 65.27, -25.68, 217.28, 67.71, -25.25, 216.80
6.811, -144.02, -0.83, 214.54, 55.47, -26.46, 219.01, 57.82, -26.23, 218.59
6.839, -135.30, -0.65, 216.80, 48.59, -26.10, 221.24, 50.37, -26.12, 220.73
6.867, -132.07, -0.72, 218.94, 43.40, -25.28, 223.35, 44.74, -25.44, 222.85
6.894, -130.77, -0.80, 223.01, 42.49, -20.95, 227.38, 42.93, -21.81, 226.50
6.922, -134.75, -0.84, 225.95, 46.20, -12.95, 230.28, 45.57, -14.66, 229.55
6.949, -143.87, -0.70, 232.84, 49.57, -5.29, 237.14, 48.80, -7.10, 235.68
6.977, -158.21, -0.44, 238.30, 51.99, 1.97, 242.56, 51.38, 0.23, 241.23
7.004, 148.05, 0.27, 242.90, 69.43, 8.92, 247.11, 65.95, 7.24, 245.98
7.032, 132.60, -0.46, 243.83, 85.41, 15.48, 247.99, 81.66, 13.89, 247.60
7.059, 112.98, 0.27, 243.69, 99.78, 21.74, 247.81, 96.29, 20.23, 247.77
7.087, 107.32, 0.10, 239.04, 113.28, 27.66, 243.12, 110.01, 26.23, 244.01
7.115, 77.78, 0.78, 233.99, 124.52, 31.05, 238.02, 121.73, 30.13, 239.17
7.142, 79.74, 0.68, 234.10, 130.96, 31.71, 238.08, 129.18, 31.41, 238.29
7.170, 62.25, 1.06, 234.45, 136.90, 28.64, 238.38, 135.41, 29.17, 238.36
7.197, 78.13, 0.90, 239.28, 139.31, 21.67, 243.16, 138.56, 23.11, 242.23
7.225, 82.23, 0.58, 244.54, 136.86, 14.41, 248.37, 137.19, 16.09, 247.19
7.252, 95.82, 0.58, 250.34, 135.27, 7.51, 254.12, 135.64, 9.16, 252.78
7.280, 162.32, 0.29, 251.05, 137.17, 0.96, 254.77, 136.88, 2.55, 254.39
7.307, -147.66, -0.53, 246.63, 123.66, -5.37, 250.31, 126.20, -3.85, 251.09
7.335, 176.93, -0.95, 243.99, 126.83, -11.39, 247.61, 126.71, -9.94, 248.28
7.363, -165.21, -0.82, 239.07, 113.01, -17.10, 242.64, 115.64, -15.73, 243.72
7.390, -151.59, -0.79, 236.80, 100.44, -21.70, 240.32, 103.36, -20.55, 240.97
7.418, -146.70, -0.75, 239.23, 92.75, -21.73, 242.69, 94.79, -21.51, 242.36
7.445, -147.11, -0.86, 242.10, 87.10, -16.66, 245.51, 88.58, -17.59, 244.90
7.473, -140.92, -0.92, 246.49, 84.04, -10.26, 249.85, 84.92, -11.67, 248.89
7.500, -141.89, -0.78, 253.36, 86.17, -2.85, 256.66, 85.93, -4.55, 255.17
7.528, -178.27, -0.89, 260.24, 86.31, 4.20, 263.49, 86.24, 2.52, 261.88
7.555, 171.47, -0.47, 265.84, 103.70, 10.93, 269.04, 100.34, 9.31, 267.66
7.583, 159.44, 0.30, 270.89, 119.78, 17.33, 274.03, 116.03, 15.78, 272.80
7.611, 148.06, 0.86, 272.44, 134.68, 23.47, 275.53, 131.10, 21.99, 275.01
7.638, 100.67, 0.97, 273.98, 146.59, 29.27, 277.02, 143.61, 27.87, 276.63
7.666, 76.42, 0.93, 275.36, 155.75, 34.77, 278.34, 153.42, 33.44, 278.01
7.693, 79.23, 0.92, 277.91, 159.95, 33.08, 280.84, 158.69, 33.15, 280.30
7.721, 76.29, 0.88, 280.26, 160.76, 28.29, 283.14, 160.36, 29.23, 282.59
7.748, 80.86, 0.66, 282.91, 157.50, 24.11, 285.73, 158.05, 25.09, 285.12
7.776, 120.11, 0.67, 276.00, 156.39, 16.64, 278.77, 156.71, 18.26, 279.99
7.804, 177.94, -0.31, 269.07, 158.26, 9.46, 271.79, 157.96, 11.15, 273.36
7.831, -126.94, -0.96, 262.15, 145.04, 2.60, 264.81, 147.52, 4.24, 266.46
7.859, -132.74, -0.55, 255.23, 132.08, -3.90, 257.85, 135.05, -2.33, 259.50
7.887, -138.41, -0.68, 248.29, 119.37, -10.09, 250.86, 122.38, -8.60, 252.52
7.914, -131.58, -0.78, 241.36, 110.97, -15.97, 243.88, 113.16, -14.56, 245.54
7.942, -124.39, -0.76, 241.25, 105.92, -16.07, 243.72, 107.32, -15.78, 244.07
7.970, -128.41, -0.87, 243.19, 104.89, -13.30, 245.61, 105.36, -13.77, 245.31
7.997, -120.56, -0.85, 246.21, 106.39, -8.29, 248.58, 106.19, -9.34, 247.95
8.025, -119.72, -0.78, 248.26, 108.64, -3.87, 250.57, 108.17, -4.92, 250.07
8.053, -135.35, -1.14, 252.85, 109.93, 2.87, 255.12, 109.59, 1.38, 254.16
8.081, -178.50, -1.10, 255.64, 108.93, 7.54, 257.86, 109.06, 6.37, 257.16
8.109, 77.20, -1.04, 256.41, 120.56, 14.01, 258.59, 118.37, 12.55, 258.32
8.137, 87.17, -1.00, 252.27, 132.20, 20.15, 254.41, 129.57, 18.70, 255.15
8.165, 102.81, -0.12, 248.08, 144.11, 26.00, 250.17, 141.33, 24.61, 251.12
8.193, 77.28, 0.37, 247.03, 154.25, 31.59, 249.07, 151.79, 30.26, 249.46
8.220, 69.72, 0.37, 246.41, 153.50, 33.20, 248.40, 153.18, 32.64, 248.61
8.248, 72.74, 0.15, 248.22, 149.77, 35.44, 250.17, 150.42, 34.91, 249.87
8.276, 83.26, 0.90, 250.82, 146.92, 36.08, 252.73, 147.60, 35.85, 252.17
8.304, 73.74, 0.93, 246.19, 143.65, 31.22, 248.06, 144.40, 32.10, 248.84
8.332, 136.56, 1.23, 239.19, 143.74, 23.18, 241.01, 143.87, 24.88, 242.50
8.360, -128.49, -0.15, 232.19, 130.72, 15.44, 233.97, 133.22, 17.24, 235.59
8.388, -111.42, -0.31, 225.19, 119.10, 8.07, 226.93, 121.79, 9.82, 228.58
8.416, -133.59, -0.56, 218.17, 106.86, 1.04, 219.87, 109.69, 2.71, 221.53
8.443, -132.12, -0.64, 211.17, 95.56, -3.27, 212.83, 98.25, -2.13, 214.49
8.471, -129.92, -0.70, 207.93, 88.83, -3.96, 209.55, 90.63, -3.61, 210.49
8.499, -129.58, -0.64, 208.06, 86.19, -2.81, 209.64, 87.04, -2.96, 209.80
8.527, -114.53, -0.71, 211.18, 86.41, -0.76, 212.73, 86.53, -1.18, 212.16
8.554, -115.53, -0.73, 216.16, 89.54, 4.01, 217.66, 88.96, 3.01, 216.60
8.582, -132.59, -0.63, 218.35, 91.58, 10.35, 219.82, 91.08, 8.93, 219.20
8.609, -145.23, -0.87, 216.09, 92.86, 16.38, 217.53, 92.52, 14.95, 217.85
8.637, 168.26, -0.91, 214.90, 109.60, 22.10, 216.30, 106.31, 20.72, 216.60
8.664, 124.46, -0.15, 220.80, 123.47, 27.54, 222.17, 120.16, 26.23, 221.09
8.692, 101.94, 0.14, 223.22, 135.67, 32.73, 224.55, 132.69, 31.48, 223.88
8.719, 83.80, 0.95, 228.11, 143.07, 37.68, 229.41, 141.07, 36.49, 228.35
8.747, 91.49, 0.87, 230.04, 149.29, 40.75, 231.30, 147.71, 39.93, 230.73
8.775, 81.94, 0.90, 233.39, 152.37, 41.89, 234.62, 151.48, 41.51, 233.87
8.802, 85.46, 0.96, 232.99, 151.54, 38.84, 234.19, 151.53, 39.35, 234.13
8.830, 77.09, 0.79, 233.16, 148.27, 32.45, 234.32, 148.89, 33.77, 234.29
8.858, 99.21, 0.58, 229.12, 146.30, 24.08, 230.25, 146.80, 25.93, 231.02
8.885, 137.13, -0.19, 229.40, 146.46, 16.13, 230.51, 146.52, 18.02, 230.61
8.913, -162.59, -0.36, 228.75, 131.77, 8.54, 229.83, 134.61, 10.36, 229.98
8.941, -139.03, -0.37, 224.07, 118.87, 1.31, 225.12, 121.90, 3.06, 226.05
8.968, 168.40, 0.20, 226.92, 121.80, -5.51, 227.93, 121.82, -3.86, 227.57
8.996, 176.47, 0.18, 228.80, 125.13, -12.00, 229.79, 124.49, -10.43, 229.36
9.023, -74.45, -0.77, 235.69, 129.08, -7.05, 236.66, 128.20, -7.70, 235.25
9.051, -34.67, -0.32, 240.37, 125.22, -13.50, 241.31, 125.79, -12.39, 240.15
9.078, -120.35, -0.66, 237.83, 126.82, -9.08, 238.74, 126.62, -9.72, 239.01
9.106, 143.80, 0.08, 235.81, 138.59, -12.50, 236.69, 136.29, -11.96, 237.14
9.134, -177.20, -0.23, 236.97, 131.27, -14.39, 237.83, 132.23, -13.92, 237.70
9.161, 2.44, -0.91, 235.49, 128.27, -18.38, 236.32, 129.04, -17.52, 236.59
9.189, -102.28, -0.98, 237.10, 119.89, -22.95, 237.92, 121.64, -21.91, 237.66
9.216, -166.74, -0.49, 236.18, 107.02, -26.32, 236.96, 109.83, -25.47, 237.10
9.244, -135.00, -0.62, 237.65, 108.45, -18.64, 238.42, 108.72, -19.96, 238.16
9.271, -68.71, -0.70, 237.05, 103.69, -19.70, 237.79, 104.66, -19.75, 237.86
9.299, -122.45, -0.89, 238.64, 104.94, -14.92, 239.36, 104.88, -15.84, 239.07
9.327, 178.83, -0.30, 238.84, 112.66, -14.62, 239.54, 111.17, -14.86, 239.45
9.354, -164.33, -0.28, 237.12, 101.50, -13.00, 237.80, 103.36, -13.36, 238.12
9.382, -5.09, -0.73, 237.33, 103.21, -12.22, 237.99, 103.24, -12.44, 238.01
9.409, -146.24, -0.93, 238.17, 94.70, -10.75, 238.81, 96.34, -11.08, 238.66
9.437, -158.08, -0.24, 237.42, 88.28, -9.01, 238.04, 89.83, -9.41, 238.16
9.464, -111.42, 0.10, 237.18, 84.21, -10.90, 237.78, 85.29, -10.61, 237.85
9.492, -84.73, -0.37, 233.81, 82.72, -9.30, 234.39, 83.22, -9.55, 235.06
9.520, -130.69, -0.43, 234.74, 78.03, -9.32, 235.30, 79.03, -9.36, 235.25
9.547, -124.85, -0.36, 234.82, 74.72, -8.57, 235.37, 75.55, -8.72, 235.35
9.575, -130.98, -0.47, 233.64, 70.74, -8.28, 234.17, 71.67, -8.37, 234.40
9.602, -128.95, -0.43, 234.61, 67.45, -8.07, 235.12, 68.26, -8.13, 234.98
9.630, -128.29, -0.38, 234.92, 64.15, -7.72, 235.42, 64.94, -7.80, 235.33
9.657, -127.67, -0.37, 234.22, 60.73, -7.17, 234.70, 61.54, -7.29, 234.82
9.685, -130.86, -0.45, 233.66, 57.34, -6.67, 234.13, 58.15, -6.79, 234.26
9.712, -128.31, -0.42, 234.50, 54.43, -6.47, 234.95, 55.14, -6.53, 234.81
9.740, -128.37, -0.36, 234.85, 51.46, -6.20, 235.28, 52.17, -6.26, 235.19
9.767, -129.40, -0.42, 234.29, 48.48, -5.72, 234.71, 49.19, -5.82, 234.81
9.795, -129.67, -0.41, 233.99, 45.64, -5.30, 234.40, 46.32, -5.40, 234.48
9.823, -130.35, -0.45, 234.17, 43.06, -5.13, 234.56, 43.69, -5.18, 234.55
9.850, -128.56, -0.40, 234.92, 40.76, -5.02, 235.30, 41.32, -5.06, 235.15
9.878, -128.35, -0.37, 234.55, 38.29, -4.70, 234.91, 38.88, -4.77, 234.96
9.906, -129.87, -0.40, 233.90, 35.77, -4.22, 234.25, 36.37, -4.33, 234.39
9.933, -130.29, -0.46, 234.24, 33.52, -3.99, 234.59, 34.07, -4.05, 234.55
9.961, -128.60, -0.40, 234.71, 31.49, -3.90, 235.04, 31.99, -3.93, 234.95
9.988, -128.54, -0.36, 234.27, 29.38, -3.56, 234.59, 29.88, -3.63, 234.66
10.016, -129.55, -0.44, 233.96, 27.40, -3.28, 234.26, 27.87, -3.35, 234.34
10.045, -129.62, -0.43, 234.30, 25.56, -3.12, 234.60, 25.99, -3.16, 234.55
10.072, -128.99, -0.40, 234.63, 23.79, -2.95, 234.91, 24.21, -2.99, 234.84
10.100, -128.45, -0.38, 233.86, 21.97, -2.63, 234.14, 22.40, -2.70, 234.27
10.128, -129.72, -0.43, 233.80, 20.21, -2.45, 234.07, 20.64, -2.50, 234.11
10.155, -129.06, -0.40, 234.11, 18.60, -2.36, 234.37, 18.99, -2.39, 234.32
10.183, -129.54, -0.40, 234.03, 17.00, -2.05, 234.28, 17.38, -2.11, 234.29
10.210, -128.57, -0.40, 233.91, 15.55, -1.87, 234.14, 15.90, -1.92, 234.17
10.238, -131.44, -0.46, 233.82, 14.06, -1.73, 234.05, 14.42, -1.77, 234.07
10.265, -128.80, -0.40, 234.67, 12.93, -1.78, 234.89, 13.22, -1.78, 234.74
10.293, -128.39, -0.39, 234.71, 11.65, -1.53, 234.92, 11.96, -1.58, 234.88
10.321, -129.52, -0.38, 233.93, 10.32, -1.28, 234.14, 10.63, -1.33, 234.28
10.348, -129.29, -0.42, 233.71, 9.09, -1.05, 233.90, 9.39, -1.10, 233.97
10.376, -129.63, -0.44, 234.30, 8.03, -1.09, 234.49, 8.29, -1.09, 234.39
10.403, -127.32, -0.38, 234.67, 7.10, -1.07, 234.85, 7.33, -1.08, 234.76
10.431, -128.03, -0.37, 233.86, 5.91, -0.87, 234.03, 6.18, -0.91, 234.17
10.459, -129.83, -0.44, 233.47, 4.87, -0.64, 233.63, 5.12, -0.69, 233.73
10.486, -129.75, -0.42, 233.75, 4.13, -0.65, 233.91, 4.32, -0.66, 233.88
10.514, -128.59, -0.39, 234.35, 3.39, -0.67, 234.50, 3.57, -0.67, 234.38
10.541, -129.44, -0.38, 233.45, 2.60, -0.30, 233.59, 2.79, -0.37, 233.74
10.569, -129.46, -0.44, 233.43, 1.81, -0.34, 233.57, 2.00, -0.35, 233.61
10.596, -127.83, -0.40, 233.94, 1.29, -0.23, 234.07, 1.42, -0.25, 233.98
10.624, -129.90, -0.38, 233.84, 0.43, -0.06, 233.97, 0.62, -0.10, 233.97
10.651, -128.72, -0.43, 233.71, -0.18, 0.05, 233.84, -0.02, 0.02, 233.86
10.679, -129.92, -0.43, 234.00, -0.82, 0.13, 234.12, -0.67, 0.11, 234.07
10.707, -128.01, -0.35, 233.32, -1.45, 0.18, 233.43, -1.30, 0.16, 233.55
10.734, -131.08, -0.45, 233.64, -2.06, 0.38, 233.75, -1.91, 0.34, 233.71
10.762, -130.10, -0.42, 234.05, -2.52, 0.36, 234.15, -2.40, 0.36, 234.06
10.789, -129.04, -0.38, 233.70, -3.06, 0.45, 233.80, -2.93, 0.44, 233.85
10.817, -129.35, -0.43, 233.29, -3.49, 0.71, 233.39, -3.38, 0.66, 233.47
10.845, -130.28, -0.47, 233.86, -3.82, 0.60, 233.95, -3.74, 0.61, 233.86
10.872, -129.32, -0.37, 234.13, -4.13, 0.58, 234.22, -4.05, 0.58, 234.15
10.900, -129.69, -0.38, 233.99, -4.48, 0.71, 234.07, -4.40, 0.69, 234.08
10.927, -130.17, -0.41, 233.64, -5.00, 0.88, 233.72, -4.88, 0.84, 233.79
10.955, -130.31, -0.44, 233.84, -5.36, 0.80, 233.91, -5.27, 0.80, 233.88
10.982, -128.00, -0.39, 233.86, -5.53, 0.85, 233.92, -5.48, 0.84, 233.92
11.010, -128.48, -0.41, 233.89, -5.88, 0.97, 233.95, -5.80, 0.95, 233.95
11.038, -130.94, -0.43, 233.63, -6.20, 1.13, 233.68, -6.12, 1.09, 233.73
11.065, -129.15, -0.41, 233.71, -6.42, 0.98, 233.76, -6.36, 1.00, 233.76
11.093, -129.06, -0.39, 233.61, -6.62, 1.05, 233.66, -6.57, 1.04, 233.68
11.120, -128.18, -0.39, 233.72, -6.68, 1.04, 233.77, -6.66, 1.04, 233.75
11.148, -129.38, -0.42, 233.69, -6.85, 1.06, 233.74, -6.81, 1.06, 233.74
11.175, -129.23, -0.41, 233.76, -7.02, 1.07, 233.80, -6.98, 1.07, 233.79
11.203, -128.80, -0.40, 233.52, -6.99, 1.17, 233.56, -6.99, 1.15, 233.61
11.230, -129.00, -0.42, 233.36, -7.11, 1.08, 233.39, -7.09, 1.09, 233.43
11.258, -129.37, -0.41, 233.74, -7.16, 1.10, 233.78, -7.14, 1.10, 233.71
11.285, -130.45, -0.39, 233.36, -7.37, 1.30, 233.39, -7.33, 1.26, 233.45
11.313, -129.48, -0.44, 233.29, -7.49, 1.32, 233.32, -7.46, 1.31, 233.35
11.340, -129.26, -0.42, 233.77, -7.49, 1.23, 233.80, -7.48, 1.25, 233.71
11.368, -129.98, -0.42, 233.88, -7.47, 1.29, 233.91, -7.48, 1.28, 233.87
11.396, -130.25, -0.41, 233.80, -7.58, 1.32, 233.82, -7.56, 1.31, 233.83
11.423, -130.04, -0.41, 233.49, -7.70, 1.42, 233.51, -7.67, 1.40, 233.58
11.451, -130.76, -0.42, 233.83, -7.78, 1.35, 233.85, -7.76, 1.36, 233.80
11.478, -128.45, -0.39, 234.18, -7.76, 1.25, 234.20, -7.76, 1.27, 234.12
11.506, -128.87, -0.41, 233.95, -7.72, 1.31, 233.97, -7.72, 1.31, 234.00
11.534, -128.41, -0.41, 233.75, -7.72, 1.30, 233.77, -7.72, 1.30, 233.81
11.561, -129.40, -0.42, 233.98, -7.58, 1.33, 234.00, -7.61, 1.33, 233.96
11.589, -129.07, -0.40, 234.09, -7.48, 1.27, 234.11, -7.51, 1.28, 234.08
11.616, -129.10, -0.39, 233.77, -7.47, 1.36, 233.78, -7.47, 1.34, 233.84
11.644, -129.58, -0.43, 233.76, -7.43, 1.42, 233.77, -7.44, 1.40, 233.78
11.671, -130.12, -0.44, 233.69, -7.37, 1.48, 233.70, -7.38, 1.47, 233.72
11.699, -130.48, -0.42, 233.87, -7.32, 1.34, 233.88, -7.34, 1.37, 233.85
11.726, -128.85, -0.40, 234.22, -7.17, 1.27, 234.22, -7.20, 1.29, 234.15
11.754, -129.58, -0.39, 233.91, -7.10, 1.38, 233.91, -7.12, 1.36, 233.96
11.782, -128.73, -0.40, 233.89, -7.00, 1.34, 233.89, -7.02, 1.34, 233.90
11.809, -129.46, -0.41, 234.09, -6.79, 1.33, 234.09, -6.84, 1.33, 234.06
11.837, -128.87, -0.39, 233.85, -6.71, 1.23, 233.85, -6.74, 1.25, 233.89
11.864, -129.72, -0.41, 233.99, -6.47, 1.28, 233.99, -6.52, 1.28, 233.97
11.892, -130.07, -0.42, 234.01, -6.46, 1.30, 234.00, -6.47, 1.30, 234.00
11.920, -128.74, -0.40, 233.57, -6.36, 1.33, 233.57, -6.38, 1.32, 233.65
11.947, -129.56, -0.43, 234.13, -6.14, 1.18, 234.13, -6.19, 1.21, 234.04
11.975, -129.56, -0.38, 234.26, -5.99, 1.16, 234.25, -6.03, 1.17, 234.21
12.002, -128.12, -0.39, 233.82, -5.95, 1.26, 233.82, -5.97, 1.24, 233.89
12.030, -128.72, -0.41, 233.58, -5.82, 1.33, 233.57, -5.85, 1.31, 233.63
12.057, -129.23, -0.46, 234.08, -5.63, 1.19, 234.07, -5.67, 1.21, 233.99
12.085, -130.44, -0.40, 234.58, -5.30, 1.12, 234.57, -5.37, 1.14, 234.46
12.113, -128.93, -0.39, 234.31, -5.19, 1.12, 234.31, -5.23, 1.12, 234.34
12.140, -128.27, -0.36, 233.26, -5.20, 1.28, 233.25, -5.20, 1.25, 233.46
12.168, -130.17, -0.47, 233.45, -5.09, 1.25, 233.44, -5.11, 1.25, 233.45
12.195, -130.59, -0.45, 234.61, -4.76, 0.93, 234.60, -4.83, 0.99, 234.38
12.223, -127.94, -0.35, 234.56, -4.52, 0.81, 234.55, -4.58, 0.85, 234.52
12.251, -129.13, -0.39, 233.54, -4.49, 0.96, 233.53, -4.51, 0.94, 233.72
12.278, -129.78, -0.44, 233.75, -4.30, 0.89, 233.74, -4.34, 0.90, 233.74
12.306, -129.16, -0.40, 234.43, -4.07, 0.77, 234.42, -4.12, 0.79, 234.29
12.333, -129.06, -0.38, 234.26, -3.95, 0.84, 234.25, -3.98, 0.83, 234.26
12.361, -127.97, -0.41, 233.95, -3.85, 0.90, 233.94, -3.88, 0.88, 234.00
12.388, -127.43, -0.40, 234.08, -3.68, 0.68, 234.07, -3.71, 0.72, 234.05
12.416, -128.03, -0.37, 234.43, -3.27, 0.65, 234.41, -3.36, 0.66, 234.34
12.443, -127.84, -0.38, 233.87, -3.17, 0.91, 233.86, -3.21, 0.86, 233.95
12.471, -130.36, -0.46, 233.85, -3.12, 1.11, 233.84, -3.13, 1.06, 233.86
12.499, -129.40, -0.42, 234.07, -2.94, 1.05, 234.05, -2.97, 1.05, 234.02
12.526, -129.36, -0.42, 234.54, -2.73, 1.04, 234.53, -2.78, 1.05, 234.43
12.554, -129.11, -0.41, 234.52, -2.54, 1.12, 234.51, -2.59, 1.11, 234.49
12.581, -131.24, -0.43, 234.42, -2.54, 1.17, 234.41, -2.55, 1.16, 234.43
12.609, -129.48, -0.40, 234.68, -2.41, 1.10, 234.67, -2.43, 1.11, 234.62
12.636, -128.13, -0.39, 234.51, -2.25, 1.09, 234.49, -2.29, 1.09, 234.52
12.664, -129.64, -0.43, 234.41, -2.15, 1.12, 234.40, -2.17, 1.12, 234.42
12.691, -129.93, -0.43, 234.88, -1.95, 1.05, 234.87, -1.99, 1.07, 234.78
12.719, -128.49, -0.41, 235.08, -1.74, 1.08, 235.06, -1.79, 1.08, 235.01
12.747, -128.92, -0.40, 234.44, -1.74, 1.12, 234.43, -1.75, 1.11, 234.54
12.774, -130.75, -0.43, 234.68, -1.60, 1.06, 234.66, -1.63, 1.07, 234.64
12.802, -128.63, -0.39, 235.05, -1.35, 0.89, 235.04, -1.40, 0.92, 234.96
12.830, -128.95, -0.39, 234.93, -1.24, 0.81, 234.91, -1.27, 0.83, 234.92
12.857, -129.59, -0.40, 234.64, -1.08, 0.95, 234.63, -1.12, 0.93, 234.68
12.885, -129.30, -0.43, 234.86, -0.99, 0.84, 234.85, -1.01, 0.86, 234.82
12.912, -127.64, -0.39, 234.89, -0.69, 0.80, 234.88, -0.75, 0.81, 234.87
12.940, -129.39, -0.40, 234.64, -0.58, 0.74, 234.62, -0.61, 0.75, 234.67
12.967, -129.57, -0.41, 234.89, -0.46, 0.73, 234.88, -0.49, 0.73, 234.84
12.995, -129.42, -0.41, 234.86, -0.20, 0.83, 234.84, -0.25, 0.81, 234.84
13.023, -128.56, -0.40, 234.45, -0.14, 0.83, 234.44, -0.16, 0.83, 234.52
13.050, -128.10, -0.41, 234.27, 0.01, 0.72, 234.26, -0.02, 0.74, 234.31
13.078, -128.92, -0.42, 234.51, 0.25, 0.53, 234.50, 0.20, 0.57, 234.46
13.105, -128.69, -0.38, 234.95, 0.54, 0.40, 234.93, 0.47, 0.43, 234.84
13.133, -128.69, -0.35, 234.12, 0.51, 0.57, 234.11, 0.51, 0.54, 234.25
13.160, -130.56, -0.45, 234.18, 0.61, 0.47, 234.17, 0.59, 0.48, 234.18
13.188, -129.21, -0.40, 234.96, 0.88, 0.30, 234.95, 0.83, 0.33, 234.80
13.215, -128.49, -0.36, 234.46, 0.93, 0.39, 234.45, 0.91, 0.38, 234.52
13.243, -130.60, -0.42, 233.92, 1.00, 0.45, 233.91, 0.98, 0.44, 234.03
13.270, -128.55, -0.42, 234.42, 1.25, 0.19, 234.41, 1.20, 0.24, 234.34
13.298, -128.36, -0.37, 234.48, 1.49, 0.17, 234.47, 1.43, 0.19, 234.45
13.326, -127.85, -0.39, 234.21, 1.56, 0.31, 234.19, 1.53, 0.28, 234.24
13.353, -129.57, -0.41, 233.63, 1.48, 0.43, 233.62, 1.49, 0.40, 233.73
13.381, -128.76, -0.42, 233.72, 1.73, 0.31, 233.71, 1.69, 0.33, 233.71
13.409, -128.99, -0.39, 234.09, 1.88, 0.25, 234.08, 1.84, 0.27, 234.01
13.437, -127.80, -0.39, 233.90, 1.98, 0.24, 233.89, 1.96, 0.24, 233.91
13.465, -131.10, -0.42, 233.93, 1.92, 0.31, 233.92, 1.93, 0.30, 233.92
13.493, -128.34, -0.38, 233.71, 2.00, 0.24, 233.69, 1.98, 0.25, 233.74
13.521, -128.50, -0.38, 233.41, 2.06, 0.40, 233.40, 2.04, 0.38, 233.47
13.549, -128.56, -0.42, 233.76, 2.21, 0.26, 233.75, 2.18, 0.28, 233.70
13.577, -128.63, -0.37, 233.77, 2.47, 0.31, 233.76, 2.41, 0.31, 233.75
13.604, -131.53, -0.45, 233.77, 2.44, 0.31, 233.76, 2.44, 0.31, 233.76
13.632, -129.43, -0.42, 234.15, 2.62, 0.27, 234.14, 2.58, 0.28, 234.07
13.660, -128.80, -0.38, 233.78, 2.65, 0.30, 233.77, 2.64, 0.30, 233.83
13.688, -129.85, -0.42, 233.78, 2.73, 0.31, 233.77, 2.71, 0.31, 233.78
13.716, -128.35, -0.39, 233.66, 2.87, 0.27, 233.65, 2.84, 0.28, 233.68
13.744, -128.98, -0.42, 233.71, 3.02, 0.27, 233.70, 2.99, 0.27, 233.69
13.772, -128.98, -0.38, 233.88, 3.08, 0.20, 233.87, 3.06, 0.21, 233.83
13.800, -128.25, -0.37, 233.06, 3.13, 0.33, 233.05, 3.12, 0.31, 233.20
13.828, -129.06, -0.45, 233.23, 3.17, 0.24, 233.23, 3.16, 0.25, 233.22
13.856, -129.49, -0.43, 233.94, 3.42, 0.10, 233.93, 3.37, 0.13, 233.80
13.884, -129.38, -0.38, 233.64, 3.47, 0.20, 233.63, 3.45, 0.19, 233.66
13.911, -129.80, -0.40, 233.10, 3.44, 0.29, 233.09, 3.44, 0.27, 233.20
13.939, -129.22, -0.42, 233.78, 3.66, 0.08, 233.77, 3.62, 0.12, 233.66
13.967, -128.06, -0.37, 234.19, 3.88, 0.03, 234.18, 3.83, 0.04, 234.08
13.995, -128.41, -0.41, 233.63, 3.82, 0.16, 233.62, 3.82, 0.13, 233.71
14.022, -130.82, -0.42, 233.14, 3.76, 0.30, 233.14, 3.77, 0.27, 233.25
14.050, -129.02, -0.42, 233.58, 3.83, 0.13, 233.57, 3.82, 0.16, 233.51
14.077, -129.16, -0.39, 233.77, 3.96, 0.24, 233.76, 3.93, 0.22, 233.72
14.105, -128.75, -0.41, 233.37, 3.94, 0.34, 233.36, 3.94, 0.32, 233.43
14.132, -130.27, -0.42, 233.37, 4.05, 0.36, 233.36, 4.03, 0.35, 233.38
14.160, -129.54, -0.40, 233.60, 4.19, 0.25, 233.59, 4.16, 0.27, 233.55
14.188, -128.39, -0.38, 233.61, 4.28, 0.27, 233.60, 4.26, 0.27, 233.59
14.215, -127.87, -0.40, 233.14, 4.34, 0.35, 233.14, 4.33, 0.33, 233.22
14.243, -130.66, -0.45, 233.09, 4.32, 0.32, 233.09, 4.32, 0.32, 233.11
14.270, -128.37, -0.42, 233.96, 4.52, 0.15, 233.96, 4.48, 0.18, 233.79
14.298, -127.87, -0.39, 233.67, 4.53, 0.26, 233.67, 4.52, 0.25, 233.69
14.325, -130.30, -0.45, 233.40, 4.48, 0.38, 233.39, 4.49, 0.35, 233.45
14.353, -129.56, -0.40, 233.98, 4.69, 0.22, 233.97, 4.65, 0.25, 233.87
14.381, -128.46, -0.38, 233.81, 4.79, 0.16, 233.80, 4.76, 0.17, 233.81
14.408, -128.36, -0.37, 233.42, 4.82, 0.23, 233.42, 4.81, 0.22, 233.49
14.436, -129.86, -0.41, 233.07, 4.84, 0.29, 233.06, 4.84, 0.27, 233.14
14.463, -128.89, -0.41, 233.29, 4.96, 0.11, 233.28, 4.94, 0.14, 233.26
14.491, -129.55, -0.37, 233.33, 5.05, 0.16, 233.33, 5.03, 0.16, 233.31
14.518, -127.60, -0.38, 232.74, 5.07, 0.12, 232.73, 5.06, 0.12, 232.84
14.546, -128.92, -0.40, 232.94, 5.27, -0.01, 232.94, 5.23, 0.02, 232.92
14.574, -129.13, -0.40, 233.39, 5.42, -0.05, 233.38, 5.38, -0.04, 233.29
14.601, -128.77, -0.38, 233.18, 5.44, 0.07, 233.18, 5.43, 0.05, 233.20
14.629, -130.31, -0.42, 232.87, 5.35, 0.18, 232.86, 5.36, 0.16, 232.93
14.656, -128.64, -0.41, 233.08, 5.43, 0.06, 233.08, 5.41, 0.08, 233.05
14.684, -129.04, -0.39, 233.06, 5.47, 0.02, 233.06, 5.46, 0.03, 233.05
14.711, -129.62, -0.41, 232.78, 5.42, 0.13, 232.78, 5.43, 0.11, 232.83
14.739, -129.36, -0.41, 232.70, 5.42, 0.11, 232.70, 5.42, 0.11, 232.72
14.766, -128.20, -0.42, 233.18, 5.60, -0.04, 233.17, 5.57, -0.01, 233.09
14.794, -127.50, -0.39, 233.30, 5.67, -0.03, 233.29, 5.65, -0.02, 233.25
14.821, -129.93, -0.43, 233.15, 5.66, 0.10, 233.14, 5.66, 0.08, 233.16
14.849, -129.05, -0.41, 233.18, 5.70, 0.04, 233.18, 5.69, 0.05, 233.17
14.877, -131.09, -0.39, 232.92, 5.61, 0.10, 232.92, 5.63, 0.09, 232.97
14.904, -128.98, -0.40, 232.95, 5.63, 0.13, 232.95, 5.63, 0.12, 232.95
14.932, -127.90, -0.39, 232.57, 5.66, 0.28, 232.56, 5.65, 0.25, 232.64
14.960, -130.74, -0.45, 233.02, 5.61, 0.27, 233.02, 5.62, 0.27, 232.94
14.987, -127.26, -0.38, 232.69, 5.57, 0.32, 232.68, 5.58, 0.31, 232.73
15.015, -128.19, -0.43, 232.64, 5.64, 0.31, 232.63, 5.63, 0.31, 232.65
15.042, -130.35, -0.41, 233.01, 5.77, 0.24, 233.00, 5.74, 0.26, 232.93
15.071, -127.78, -0.38, 233.02, 5.89, 0.23, 233.01, 5.86, 0.24, 233.00
15.099, -129.82, -0.40, 233.06, 5.88, 0.30, 233.05, 5.87, 0.29, 233.04
15.127, -131.06, -0.41, 233.10, 5.85, 0.37, 233.09, 5.86, 0.36, 233.08
15.154, -129.66, -0.40, 232.47, 5.74, 0.40, 232.46, 5.76, 0.39, 232.58
15.182, -128.28, -0.42, 232.58, 5.75, 0.25, 232.58, 5.75, 0.28, 232.58
15.209, -128.19, -0.42, 233.26, 5.99, 0.16, 233.26, 5.95, 0.18, 233.13
15.237, -129.40, -0.40, 233.24, 5.95, 0.20, 233.24, 5.95, 0.20, 233.22
15.264, -129.52, -0.40, 232.85, 5.82, 0.36, 232.84, 5.85, 0.33, 232.92
15.292, -127.97, -0.43, 233.03, 5.90, 0.18, 233.02, 5.89, 0.20, 233.00
15.319, -128.83, -0.38, 233.33, 5.85, 0.11, 233.32, 5.86, 0.13, 233.26
15.347, -127.46, -0.41, 233.03, 5.94, 0.32, 233.03, 5.92, 0.28, 233.07
15.374, -130.30, -0.43, 233.12, 5.90, 0.45, 233.11, 5.91, 0.41, 233.11
15.402, -129.89, -0.42, 233.80, 6.00, 0.44, 233.79, 5.98, 0.43, 233.66
15.430, -131.62, -0.40, 233.80, 5.85, 0.40, 233.80, 5.88, 0.41, 233.77
15.457, -131.73, -0.44, 233.46, 5.66, 0.70, 233.46, 5.70, 0.64, 233.52
15.485, -131.85, -0.49, 234.12, 5.48, 0.39, 234.12, 5.52, 0.44, 234.00
15.512, -128.04, -0.40, 234.20, 5.51, 0.25, 234.19, 5.52, 0.29, 234.16
15.540, -129.79, -0.41, 233.60, 5.42, 0.31, 233.60, 5.44, 0.30, 233.71
15.567, -130.87, -0.45, 233.94, 5.44, 0.21, 233.94, 5.44, 0.23, 233.89
15.595, -128.16, -0.39, 234.46, 5.56, 0.00, 234.45, 5.54, 0.04, 234.35
15.623, -128.20, -0.39, 234.23, 5.59, 0.10, 234.23, 5.58, 0.09, 234.25
15.650, -130.54, -0.43, 233.81, 5.50, 0.21, 233.81, 5.51, 0.18, 233.90
15.678, -130.31, -0.43, 234.11, 5.53, 0.08, 234.11, 5.53, 0.10, 234.07
15.705, -128.58, -0.40, 234.71, 5.72, -0.06, 234.71, 5.68, -0.03, 234.58
15.733, -128.22, -0.35, 233.94, 5.57, 0.10, 233.94, 5.59, 0.08, 234.06
15.760, -129.86, -0.44, 233.69, 5.66, 0.16, 233.69, 5.65, 0.14, 233.76
15.788, -129.76, -0.41, 234.34, 5.71, -0.15, 234.34, 5.69, -0.10, 234.23
15.815, -129.25, -0.37, 234.41, 5.82, -0.12, 234.41, 5.80, -0.11, 234.37
15.843, -128.66, -0.38, 233.82, 5.70, 0.02, 233.82, 5.72, -0.01, 233.93
15.871, -127.86, -0.42, 233.40, 5.71, 0.06, 233.40, 5.71, 0.05, 233.50
15.898, -129.15, -0.41, 233.75, 5.82, -0.01, 233.74, 5.80, -0.00, 233.70
15.926, -128.32, -0.38, 234.12, 5.93, -0.12, 234.12, 5.90, -0.10, 234.04
15.953, -127.27, -0.38, 233.51, 5.91, -0.02, 233.50, 5.91, -0.03, 233.61
15.981, -130.08, -0.45, 233.40, 5.89, -0.05, 233.40, 5.89, -0.05, 233.44
16.008, -129.22, -0.41, 234.21, 5.99, -0.18, 234.21, 5.97, -0.15, 234.06
16.036, -128.59, -0.37, 233.95, 6.05, -0.07, 233.94, 6.03, -0.08, 233.97
16.063, -129.98, -0.41, 233.86, 5.96, -0.04, 233.86, 5.97, -0.05, 233.88
16.091, -129.50, -0.40, 234.04, 5.99, -0.07, 234.04, 5.99, -0.07, 234.01
16.119, -129.15, -0.42, 234.11, 6.06, -0.07, 234.11, 6.05, -0.07, 234.09
16.146, -129.67, -0.40, 234.11, 6.10, -0.01, 234.11, 6.09, -0.02, 234.11
16.174, -129.28, -0.38, 233.84, 6.06, -0.01, 233.84, 6.06, -0.01, 233.89
16.201, -128.45, -0.41, 233.95, 6.18, -0.03, 233.94, 6.16, -0.03, 233.93
16.229, -128.86, -0.39, 233.79, 6.15, 0.03, 233.79, 6.15, 0.02, 233.82
16.256, -128.46, -0.41, 233.48, 6.14, 0.15, 233.48, 6.14, 0.12, 233.54
16.284, -129.38, -0.42, 234.06, 6.21, 0.01, 234.06, 6.20, 0.03, 233.96
16.311, -128.05, -0.36, 234.30, 6.28, -0.06, 234.30, 6.26, -0.05, 234.23
16.339, -128.61, -0.39, 233.88, 6.25, 0.07, 233.88, 6.25, 0.04, 233.95
16.367, -128.55, -0.40, 233.47, 6.14, 0.12, 233.47, 6.16, 0.10, 233.56
16.394, -128.89, -0.43, 233.82, 6.25, 0.06, 233.82, 6.23, 0.07, 233.77
16.422, -128.27, -0.39, 234.18, 6.27, 0.01, 234.18, 6.26, 0.02, 234.10
16.449, -129.18, -0.40, 233.66, 6.25, 0.20, 233.66, 6.25, 0.16, 233.75
16.477, -129.78, -0.44, 233.71, 6.20, 0.17, 233.71, 6.21, 0.17, 233.72
16.504, -127.77, -0.40, 233.99, 6.31, 0.05, 233.99, 6.29, 0.07, 233.94
16.532, -127.27, -0.38, 233.64, 6.43, 0.13, 233.64, 6.40, 0.12, 233.69
16.559, -130.28, -0.43, 233.69, 6.49, 0.26, 233.69, 6.47, 0.23, 233.69
16.587, -129.46, -0.42, 234.20, 6.49, 0.11, 234.20, 6.49, 0.13, 234.10
16.614, -128.05, -0.37, 234.19, 6.54, 0.20, 234.19, 6.53, 0.19, 234.17
16.642, -129.77, -0.42, 234.12, 6.46, 0.28, 234.12, 6.47, 0.26, 234.13
16.670, -128.87, -0.40, 234.00, 6.39, 0.26, 234.00, 6.40, 0.26, 234.03
16.697, -130.35, -0.41, 233.77, 6.31, 0.34, 233.77, 6.33, 0.32, 233.82
16.725, -128.07, -0.40, 233.96, 6.29, 0.29, 233.96, 6.30, 0.29, 233.93
16.752, -128.90, -0.42, 234.12, 6.32, 0.29, 234.12, 6.32, 0.29, 234.08
16.780, -128.94, -0.41, 234.26, 6.31, 0.22, 234.26, 6.31, 0.23, 234.23
16.807, -128.21, -0.38, 233.96, 6.37, 0.30, 233.96, 6.36, 0.29, 234.01
16.835, -130.17, -0.42, 234.10, 6.33, 0.25, 234.10, 6.33, 0.26, 234.08
16.863, -128.30, -0.40, 234.42, 6.41, 0.16, 234.42, 6.40, 0.18, 234.35
16.890, -129.78, -0.40, 234.46, 6.42, 0.28, 234.46, 6.42, 0.26, 234.44
16.918, -130.04, -0.41, 234.27, 6.35, 0.35, 234.27, 6.36, 0.33, 234.30
16.946, -129.20, -0.40, 234.36, 6.39, 0.39, 234.36, 6.38, 0.37, 234.35
16.973, -128.59, -0.40, 234.52, 6.38, 0.27, 234.52, 6.38, 0.29, 234.49
17.001, -128.25, -0.39, 234.44, 6.40, 0.32, 234.44, 6.39, 0.32, 234.45
17.028, -129.78, -0.41, 234.35, 6.34, 0.38, 234.35, 6.35, 0.37, 234.37
17.056, -130.15, -0.40, 234.56, 6.29, 0.31, 234.56, 6.30, 0.32, 234.53
17.083, -129.06, -0.41, 234.65, 6.40, 0.35, 234.65, 6.38, 0.35, 234.62
17.111, -129.48, -0.39, 234.42, 6.34, 0.43, 234.42, 6.35, 0.42, 234.46
17.139, -130.07, -0.44, 234.65, 6.40, 0.39, 234.65, 6.39, 0.40, 234.61
17.166, -129.47, -0.41, 234.91, 6.41, 0.29, 234.91, 6.41, 0.31, 234.85
17.194, -128.22, -0.38, 234.77, 6.41, 0.21, 234.77, 6.41, 0.23, 234.79
17.221, -128.77, -0.39, 234.54, 6.34, 0.28, 234.54, 6.36, 0.27, 234.58
17.249, -128.30, -0.41, 234.11, 6.32, 0.24, 234.11, 6.33, 0.25, 234.20
17.276, -128.93, -0.41, 234.58, 6.45, 0.19, 234.58, 6.43, 0.20, 234.51
17.304, -127.91, -0.38, 234.36, 6.45, 0.19, 234.36, 6.45, 0.20, 234.39
17.332, -130.51, -0.42, 233.94, 6.39, 0.33, 233.93, 6.40, 0.30, 234.02
17.359, -128.30, -0.41, 234.39, 6.48, 0.12, 234.39, 6.46, 0.16, 234.32
17.387, -129.96, -0.38, 234.34, 6.52, 0.12, 234.34, 6.51, 0.13, 234.34
17.414, -129.72, -0.41, 234.27, 6.45, 0.11, 234.27, 6.46, 0.11, 234.28
17.442, -128.71, -0.39, 234.17, 6.52, 0.15, 234.17, 6.51, 0.15, 234.19
17.470, -128.32, -0.41, 234.27, 6.53, 0.10, 234.27, 6.53, 0.11, 234.26
17.497, -127.87, -0.37, 234.07, 6.53, 0.11, 234.07, 6.53, 0.11, 234.11
17.525, -129.06, -0.42, 234.27, 6.52, 0.11, 234.27, 6.52, 0.11, 234.24
17.552, -128.20, -0.39, 234.23, 6.58, 0.06, 234.23, 6.57, 0.07, 234.23
17.580, -130.43, -0.40, 234.37, 6.59, 0.04, 234.37, 6.58, 0.05, 234.35
17.607, -128.23, -0.37, 234.36, 6.60, 0.02, 234.36, 6.60, 0.02, 234.36
17.635, -128.95, -0.38, 233.92, 6.52, 0.14, 233.92, 6.54, 0.12, 234.00
17.663, -128.35, -0.40, 233.67, 6.40, 0.10, 233.67, 6.43, 0.10, 233.74
17.690, -129.78, -0.41, 234.14, 6.50, 0.15, 234.14, 6.48, 0.14, 234.06
17.718, -128.82, -0.40, 234.17, 6.44, 0.07, 234.17, 6.45, 0.09, 234.15
17.745, -130.03, -0.39, 233.70, 6.40, 0.22, 233.70, 6.41, 0.19, 233.79
17.773, -130.59, -0.41, 233.66, 6.36, 0.30, 233.66, 6.37, 0.28, 233.68
17.800, -129.98, -0.42, 233.98, 6.38, 0.11, 233.98, 6.38, 0.14, 233.92
17.828, -129.22, -0.39, 234.55, 6.55, 0.02, 234.55, 6.51, 0.04, 234.43
17.855, -128.56, -0.38, 234.25, 6.47, 0.05, 234.25, 6.47, 0.05, 234.28
17.883, -126.89, -0.39, 233.74, 6.49, -0.07, 233.74, 6.48, -0.05, 233.84
17.911, -128.48, -0.37, 233.43, 6.41, -0.19, 233.43, 6.43, -0.16, 233.51
