0.000, -3.24, 2.44, -10.26, 30569.61, 636.08, 15113085.94, 107.21, 2.23, 53002.12
0.028, -3.96, 3.02, -27.27, -17.02, 1.42, 158.29, 6.44, 1.57, 10135.88
0.056, 4.85, -2.79, 12.95, -18.89, -3.11, 83.55, -14.03, -2.21, 2012.38
0.084, 8.27, -6.42, 26.66, 7.65, -4.13, -3840.81, 3.49, -3.76, -2718.18
0.111, -1.19, 2.15, -10.81, 3.40, 3.23, -2870.66, 3.42, 1.88, -2841.32
0.139, -8.90, -0.66, -14.03, 2.09, 0.50, 1322.96, 2.34, 0.77, 522.67
0.166, -2.79, 2.80, -5.99, -4.11, 2.51, 1210.38, -2.87, 2.18, 1077.39
0.194, -0.03, -2.02, 4.34, -7.40, -1.55, 1061.76, -6.53, -0.83, 1064.76
0.221, 1.69, -4.69, 5.66, 6.74, -2.71, 900.92, 4.19, -2.35, 932.45
0.249, 0.50, 0.05, 0.12, 2.74, 1.55, 733.84, 3.02, 0.80, 772.15
0.276, -2.98, 5.34, -10.52, -6.02, 4.85, 576.74, -4.27, 4.07, 614.48
0.304, 0.24, 1.31, 0.89, -3.67, 0.52, 462.50, -3.79, 1.20, 491.69
0.332, 0.40, -3.24, 2.72, -0.88, -2.96, 364.44, -1.44, -2.16, 388.98
0.359, 2.15, -4.21, 12.69, 3.29, -3.08, 294.07, 2.38, -2.90, 312.32
0.387, -1.91, -1.93, -2.19, 3.69, -0.39, 216.24, 3.44, -0.87, 234.70
0.414, -5.56, 3.78, -17.47, 0.80, 4.18, 151.78, 1.30, 3.21, 167.71
0.442, -3.44, 0.24, -1.01, -8.00, 0.14, 129.36, -6.20, 0.74, 136.77
0.469, 6.00, -3.96, 11.08, 12.22, -3.14, 111.84, 8.66, -2.39, 116.65
0.497, -2.10, -0.30, -1.14, 0.50, 0.61, 76.47, 2.07, 0.03, 84.21
0.524, 1.34, 1.92, -4.61, -4.82, 2.21, 54.48, -3.49, 1.79, 60.21
0.552, -1.67, -3.08, 0.95, 11.72, -2.22, 45.38, 8.78, -1.45, 48.24
0.579, -0.76, 3.20, 0.56, 3.04, 3.23, 33.74, 4.15, 2.33, 36.53
0.607, 2.02, 1.13, -2.66, -6.56, 1.01, 21.52, -4.50, 1.27, 24.41
0.635, 2.15, -3.04, 4.03, 3.63, -2.67, 20.62, 2.07, -1.91, 21.35
0.662, 1.37, -2.81, 7.34, -6.52, -2.07, 18.23, -4.87, -2.04, 18.83
0.690, -3.86, 0.30, -15.40, -1.70, 0.97, -9.43, -2.31, 0.39, -3.99
0.717, -2.58, -1.31, -1.05, -3.56, -0.69, 1.25, -3.32, -0.49, 0.24
0.745, -167.03, -88.02, -230.33, -77.82, -74.61, -231.28, -63.47, -60.33, -186.69
0.772, 250.13, 250.13, -145.10, 89.90, 227.30, -148.56, 60.34, 171.86, -155.91
0.800, -120.92, 21.47, -250.60, 1350.73, 0.28, -256.15, 1101.71, 33.39, -236.81
0.828, 110.26, 102.44, -89.02, 22.35, 68.52, -95.41, 229.60, 61.77, -122.56
0.855, 164.66, 138.35, -91.63, 29.27, 91.18, -99.45, 67.76, 85.53, -103.89
0.883, 143.00, 250.13, -40.11, 21.92, 177.27, -48.96, 30.72, 159.65, -59.51
0.910, 240.31, 172.09, 80.76, 115.82, 91.98, 70.99, 99.47, 104.98, 45.91
0.938, 110.87, 144.46, 66.66, -34.39, 50.00, 56.04, -8.62, 60.59, 54.09
0.966, 207.81, 250.13, 12.75, 92.72, 137.88, 1.76, 73.23, 123.01, 11.83
0.993, 189.11, 250.13, 112.57, 136.27, 121.27, 101.26, 124.15, 121.61, 84.06
1.021, 225.31, 250.13, 88.53, 220.55, 110.59, 76.85, 201.99, 112.71, 78.24
1.048, 125.26, 208.88, 22.63, 331.22, 58.72, 10.67, 306.32, 69.12, 23.69
1.076, 169.60, 250.13, 61.94, 228.97, 88.14, 50.02, 243.86, 84.48, 44.95
1.103, 159.74, 250.13, 31.54, 227.34, 78.87, 19.54, 230.52, 79.95, 24.43
1.131, 207.08, 250.13, 57.78, 270.95, 71.49, 45.81, 263.17, 73.12, 41.70
1.158, 153.11, 250.13, -58.74, 365.46, 62.93, -71.06, 345.69, 64.90, -49.27
1.186, -11.60, 240.19, -59.07, 149.05, 46.11, -71.29, 187.05, 49.74, -67.04
1.214, 40.42, 187.18, -112.78, 46.93, -6.37, -124.26, 73.81, 4.40, -113.28
1.241, 63.73, 201.71, -136.63, 217.32, 5.22, -148.35, 189.70, 5.06, -141.60
1.269, 15.89, 140.92, 105.28, 116.59, -52.49, 93.52, 130.69, -41.39, 48.17
1.296, 77.88, 151.62, 104.80, 130.80, -38.97, 93.33, 130.78, -39.44, 84.63
1.324, 40.29, 137.47, 51.00, 118.79, -50.53, 39.62, 121.09, -48.40, 48.29
1.351, 38.87, 103.42, 50.66, 85.76, -78.16, 39.38, 92.57, -72.43, 41.09
1.379, 71.97, 75.50, 57.61, 103.55, -98.66, 46.69, 101.44, -93.62, 45.61
1.407, 92.89, 92.61, 86.91, 116.17, -75.60, 76.14, 113.34, -79.06, 70.28
1.434, 35.76, 68.83, 27.79, 110.57, -92.70, 17.09, 111.10, -90.08, 27.31
1.462, 60.02, 57.63, 21.35, 77.98, -96.68, 10.60, 84.36, -95.40, 13.82
1.489, 87.05, 16.91, -0.01, 69.72, -126.91, -10.62, 72.54, -120.84, -5.91
1.517, 28.81, 45.64, -41.58, 91.04, -92.39, -52.05, 87.48, -97.88, -43.15
1.544, 13.55, 45.26, -36.56, 75.68, -86.26, -47.08, 77.97, -88.51, -46.32
1.572, 17.22, 29.47, 60.27, 39.90, -93.74, 50.33, 47.21, -92.74, 31.75
1.599, 40.77, 27.82, 33.82, 95.68, -89.11, 24.09, 86.38, -89.80, 25.56
1.627, -4.02, -54.66, 62.15, 89.11, -159.25, 52.42, 88.59, -145.89, 47.26
1.655, -36.73, -87.50, 31.40, 49.88, -177.98, 21.88, 57.32, -171.81, 26.76
1.682, -83.04, -192.86, -0.12, -1.65, -263.22, -9.63, 9.70, -245.62, -2.62
1.710, -112.76, -250.14, -34.27, -17.76, -297.84, -43.64, -12.47, -287.78, -35.74
1.737, -141.55, -250.14, -24.67, -54.02, -276.65, -33.89, -46.02, -278.79, -34.24
1.765, -175.87, -250.14, -37.26, -101.46, -256.75, -46.36, -90.78, -261.00, -44.03
1.792, -186.15, -250.14, -70.87, -129.70, -239.35, -79.67, -122.23, -243.51, -72.83
1.820, -166.05, -250.14, -164.90, -111.39, -223.43, -173.78, -113.48, -227.30, -154.32
1.848, -151.43, -250.14, -210.68, -193.34, -210.80, -219.37, -177.97, -213.97, -206.85
1.875, -162.32, -250.14, -165.16, -499.32, -195.07, -173.89, -437.23, -198.73, -180.25
1.903, -162.73, -250.14, -131.57, -413.47, -181.53, -139.91, -418.04, -184.84, -147.66
1.930, -173.69, -250.14, -115.37, -394.81, -167.32, -123.72, -399.28, -170.69, -128.33
1.958, -99.17, -250.14, -178.40, -270.04, -155.11, -186.55, -294.88, -158.11, -175.36
1.985, -65.72, -224.06, -138.52, -220.07, -118.41, -146.75, -234.52, -126.08, -152.27
2.013, -51.71, -174.57, -119.57, -226.33, -62.93, -127.56, -227.90, -75.09, -132.32
2.040, -33.17, -141.73, -25.65, -215.85, -25.70, -33.59, -218.18, -35.22, -52.63
2.068, -23.98, -142.66, -0.53, -199.35, -23.36, -8.28, -202.97, -25.65, -16.82
2.095, -25.78, -126.53, 6.06, -202.64, -4.32, -1.68, -202.71, -8.44, -4.60
2.123, -4.41, -83.82, 36.98, -143.02, 37.70, 29.46, -154.50, 28.83, 22.91
2.151, 8.47, -41.63, 77.34, -130.56, 77.05, 69.94, -135.16, 67.78, 60.90
2.178, 12.84, -53.56, 115.48, -121.85, 63.34, 108.11, -124.41, 64.20, 99.02
2.206, 4.95, -48.10, 208.36, -108.69, 67.56, 200.95, -111.73, 66.91, 181.25
2.233, 52.51, 60.66, -64.75, -15.46, 167.32, -71.94, -34.00, 147.98, -23.18
2.261, 22.05, 68.11, 22.10, -92.95, 165.71, 15.05, -81.62, 162.30, 7.70
2.288, 49.43, 110.90, 0.89, -36.55, 198.18, -6.15, -45.23, 191.27, -3.48
2.316, 46.06, 192.11, 1.83, -58.12, 263.96, -5.00, -55.65, 250.01, -4.71
2.343, 78.88, 250.13, 59.09, -11.22, 305.21, 52.22, -19.78, 294.57, 41.25
2.371, 100.94, 250.13, -95.57, -31.81, 288.19, -102.26, -29.50, 289.42, -74.69
2.399, 102.18, 250.13, 48.27, -19.95, 272.78, 41.63, -21.78, 275.98, 19.26
2.426, 81.73, 250.13, 59.17, 18.92, 256.92, 52.61, 11.10, 260.58, 46.20
2.454, 28.62, 250.13, 98.76, -17.72, 242.81, 92.22, -12.17, 246.24, 83.35
2.481, 88.31, 250.13, 99.41, 103.85, 229.92, 92.96, 81.51, 233.06, 91.11
2.509, 70.44, 250.13, 121.77, 207.47, 217.95, 115.37, 183.19, 220.86, 110.70
2.537, 47.05, 250.13, 120.95, 203.55, 207.11, 114.68, 199.63, 209.75, 113.91
2.564, 13.84, 250.13, 76.76, 149.31, 196.19, 70.60, 158.98, 198.79, 78.92
2.592, 34.33, 250.13, 97.73, 168.58, 185.41, 91.59, 166.73, 187.99, 89.15
2.619, 52.67, 250.13, 107.10, 193.07, 175.17, 101.01, 187.99, 177.64, 98.72
2.647, 24.32, 240.66, 73.37, 159.66, 155.98, 67.40, 165.11, 160.14, 73.42
2.674, -11.63, 186.54, 24.30, 103.46, 95.66, 18.39, 115.32, 108.06, 28.97
2.702, -61.36, 150.19, 13.54, 44.43, 55.03, 7.63, 58.11, 65.26, 11.75
2.730, 7.91, 133.17, 36.79, 109.18, 35.16, 30.99, 99.35, 40.96, 27.29
2.757, -3.19, 81.23, 15.34, 94.59, -16.84, 9.61, 95.50, -5.71, 13.01
2.785, -22.91, 58.31, -7.77, 64.50, -38.50, -13.43, 70.47, -32.18, -8.34
2.812, -16.16, 59.74, 29.39, 44.46, -35.54, 23.88, 49.45, -34.90, 17.70
2.840, -10.58, 18.66, 4.20, 93.78, -73.61, -1.31, 85.25, -66.16, 2.35
2.868, -6.93, 16.11, 19.74, 71.59, -72.79, 14.36, 74.21, -71.52, 12.06
2.895, 1.21, 3.76, 1.64, 66.00, -81.55, -3.73, 67.58, -79.62, -0.70
2.923, 3.10, 7.81, -7.14, 65.04, -74.53, -12.50, 65.53, -75.51, -10.23
2.950, -16.25, -0.89, -87.21, 71.67, -79.29, -92.47, 70.48, -78.57, -76.64
2.978, -2.39, 23.24, -52.56, 80.70, -52.66, -57.75, 78.73, -57.64, -61.39
3.005, -3.82, 18.66, 5.46, 40.08, -54.67, 0.32, 47.53, -55.25, -11.56
3.033, 14.57, 11.05, 10.14, 53.58, -59.64, 5.08, 52.41, -58.80, 1.87
3.060, 0.08, 10.11, 29.37, 52.50, -57.59, 24.39, 52.48, -57.82, 20.06
3.088, 5.62, -0.79, 35.40, 51.42, -65.09, 30.49, 51.62, -63.69, 28.49
3.116, -13.82, -77.17, 25.08, 23.85, -134.23, 20.20, 29.19, -120.65, 21.80
3.143, 1.37, -170.82, -14.92, 19.07, -216.24, -19.74, 21.02, -197.84, -11.74
3.171, -11.97, -250.14, 18.55, 85.77, -280.18, 13.81, 73.31, -264.34, 8.89
3.198, -8.99, -250.14, 33.01, 26.10, -265.35, 28.36, 35.17, -265.15, 24.62
3.226, -10.35, -250.14, -168.51, 102.72, -251.28, -173.15, 89.71, -253.96, -135.05
3.254, 16.86, -250.14, -17.32, 139.22, -239.39, -21.89, 129.69, -242.19, -43.66
3.281, -125.08, -250.14, -70.76, 29.21, -225.42, -75.28, 48.56, -228.65, -69.19
3.309, -126.82, -250.14, -89.62, 119.15, -215.99, -94.11, 105.51, -218.43, -89.30
3.336, -175.66, -250.14, -88.74, -401.40, -204.83, -93.12, -303.83, -207.45, -92.38
3.364, -134.50, -250.14, -131.74, -307.85, -192.86, -136.06, -307.08, -195.66, -127.65
3.391, -112.34, -250.14, -83.24, 271.90, -182.37, -87.48, 160.60, -184.93, -95.20
3.419, -237.43, -250.14, 241.44, -384.40, -171.09, 237.24, -279.54, -173.75, 173.28
3.447, -178.67, -249.64, 229.65, -281.29, -160.59, 225.56, -280.95, -163.11, 215.54
3.474, -203.27, -110.77, 246.72, -216.85, -18.22, 242.63, -229.18, -46.10, 237.42
3.502, -126.89, -64.76, 99.18, -187.78, 29.14, -571.13, -195.77, 14.63, -415.15
3.529, -67.49, -30.13, -62.44, -124.37, 61.79, -706.27, -138.10, 52.72, -650.27
3.557, -113.02, -21.88, 188.90, -171.75, 68.04, -432.54, -165.27, 65.09, -474.48
3.584, -46.46, -12.13, 232.43, -85.64, 76.10, -366.07, -100.97, 73.98, -386.94
3.612, 143.48, 65.32, -59.18, 92.86, 147.55, -636.31, 55.51, 133.38, -588.26
3.640, 222.34, 138.24, -149.79, 155.07, 210.40, -704.90, 135.91, 195.58, -682.45
3.667, 250.13, 214.08, -154.43, 166.65, 273.42, -691.63, 160.71, 258.37, -689.86
3.695, 250.13, 250.13, -169.44, 124.67, 294.31, -26.00, 131.58, 287.42, -153.24
3.722, 250.13, 250.13, -65.42, 140.35, 280.63, 75.42, 138.65, 281.94, 31.30
3.750, 250.13, 250.13, -185.06, 187.02, 266.93, -49.08, 177.72, 269.82, -33.62
3.777, 250.13, 250.13, -94.60, 296.40, 254.10, 37.39, 273.57, 257.12, 23.73
3.805, 250.13, 250.13, -182.65, 236.91, 242.41, -55.24, 243.94, 245.23, -40.10
3.833, 250.13, 250.13, 10.47, 356.12, 231.64, 134.83, 334.53, 234.25, 101.17
3.860, 250.13, 201.11, -56.37, 243.03, 171.88, 64.32, 260.64, 183.88, 71.42
3.888, 250.13, 250.13, 58.43, 397.06, 210.29, 175.62, 370.79, 205.20, 155.55
3.915, 181.76, 134.06, 39.53, 289.66, 89.79, 153.18, 305.29, 112.02, 153.64
3.943, 161.65, 70.99, 47.82, 262.23, 24.84, 157.82, 270.51, 41.61, 157.02
3.970, 134.50, 24.73, 31.85, 229.21, -21.20, 138.44, 237.14, -9.13, 142.01
3.998, 124.24, 8.75, 33.98, 217.60, -36.31, 138.84, 221.40, -31.03, 139.45
4.025, 54.86, -51.43, 26.18, 141.07, -91.95, 126.50, 156.53, -80.23, 129.00
4.053, -27.38, -88.05, -7.64, 57.67, -122.71, 89.64, 76.70, -114.53, 97.22
4.080, -118.50, -119.11, -32.21, -25.70, -146.50, 62.23, -5.96, -140.34, 68.97
4.108, -243.95, -120.19, -10.81, -137.65, -140.41, 80.71, -112.27, -140.40, 78.44
4.135, -250.14, -249.73, -2.18, -131.01, -256.50, 86.42, -127.40, -234.13, 84.89
4.163, -250.14, -185.66, -17.81, -127.94, -184.31, 67.73, -127.84, -193.89, 71.03
4.191, -250.14, -219.05, -11.98, -216.37, -205.70, 70.99, -199.34, -203.43, 71.00
4.218, -250.14, -174.87, 31.92, -106.65, -153.91, 112.33, -124.49, -163.44, 104.38
4.246, -250.14, -242.31, 0.10, -336.29, -209.68, 78.09, -295.46, -200.76, 83.16
4.273, -250.14, -203.77, -169.79, -312.97, -161.72, -94.40, -309.60, -169.24, -60.21
4.301, -250.14, -229.85, -14.41, -389.55, -177.86, 58.40, -374.18, -176.20, 35.59
4.328, -250.14, -250.14, -27.72, -374.14, -186.85, 43.43, -374.15, -184.79, 41.91
4.356, -250.14, -171.59, 81.50, -373.19, -102.75, 149.64, -373.37, -118.52, 128.92
4.383, -250.14, -171.37, -131.70, -313.07, -95.68, -65.70, -324.67, -100.08, -28.24
4.411, -163.92, -96.14, -250.60, -253.80, -18.17, -186.71, -267.45, -33.95, -156.19
4.438, -210.29, -162.40, -19.18, -336.77, -78.44, 42.93, -323.35, -69.83, 4.40
4.466, -113.09, -106.35, 115.07, -184.13, -20.17, 174.82, -210.97, -29.75, 141.96
4.494, -70.92, -99.81, 160.21, -131.32, -11.97, 217.61, -146.60, -15.38, 203.09
4.521, -15.53, -111.12, 145.83, -62.03, -20.17, 201.44, -78.29, -19.25, 201.75
4.549, 197.82, -62.05, 104.06, 142.89, 28.77, 157.72, 100.41, 19.54, 166.18
4.576, 250.13, -4.96, 84.36, 175.23, 83.46, 136.44, 160.80, 71.13, 142.18
4.604, 250.13, 96.27, -26.92, 150.74, 176.59, 23.23, 152.68, 156.29, 46.13
4.632, 250.13, 147.33, -55.86, 138.60, 217.25, -7.56, 141.31, 205.54, 2.75
4.659, 250.13, 159.32, -144.08, 139.24, 219.10, -97.44, 139.64, 216.50, -78.18
4.687, 250.13, 202.17, -68.78, 137.25, 248.57, -23.82, 137.71, 242.41, -34.26
4.714, 250.13, 143.94, -27.19, 238.26, 182.17, 16.19, 218.94, 193.74, 6.50
4.742, 250.13, 111.18, -129.89, 206.37, 141.99, -87.94, 208.79, 151.97, -69.74
4.769, 250.13, 170.55, -176.28, 526.65, 190.97, -135.85, 465.39, 183.46, -123.11
4.797, 250.13, 228.71, -184.41, 385.77, 238.48, -145.63, 401.05, 227.92, -141.31
4.825, 166.84, 174.88, -174.21, 287.63, 175.87, -136.62, 309.52, 185.92, -137.53
4.852, 165.60, 231.66, -139.92, 286.80, 220.59, -103.90, 291.17, 213.93, -110.36
4.880, 147.71, 229.16, -41.63, 248.62, 207.83, -6.94, 256.80, 209.00, -26.82
4.907, 208.92, 250.13, 65.85, 336.70, 217.31, 99.30, 321.31, 215.71, 75.00
4.935, 151.15, 206.72, -42.82, 240.25, 165.44, -10.70, 255.83, 175.11, 5.78
4.963, 97.29, 182.35, 26.03, 189.82, 132.91, 56.90, 202.50, 141.02, 47.08
4.990, 116.38, 144.64, 45.72, 185.99, 90.07, 75.48, 189.17, 99.90, 70.00
5.018, -16.37, 81.27, 62.47, 69.92, 24.25, 91.03, 92.88, 38.81, 86.98
5.047, -174.50, -61.70, 15.07, -100.05, -109.89, 41.32, -65.02, -82.89, 49.61
5.075, -250.14, -122.83, 83.78, -156.69, -166.52, 110.05, -139.10, -150.48, 98.46
5.103, -250.14, -201.62, -36.18, -144.00, -233.88, -10.94, -143.06, -217.86, 10.08
5.130, -250.14, -243.63, -48.02, -129.12, -262.74, -23.77, -131.81, -254.09, -17.25
5.158, -250.14, -250.14, -45.81, -111.24, -256.13, -22.55, -115.21, -255.73, -21.53
5.185, -250.14, -250.14, -83.86, 3.44, -245.55, -61.55, -19.49, -247.52, -53.82
5.213, -250.14, -250.14, -171.71, -312.49, -233.66, -150.40, -256.09, -236.33, -131.80
5.240, -250.14, -250.14, -223.30, -481.33, -222.39, -202.90, -437.98, -225.07, -189.21
5.268, -250.14, -250.14, -206.71, -428.78, -210.54, -187.19, -430.55, -213.34, -187.58
5.295, -250.14, -250.14, -195.21, -397.29, -199.61, -176.56, -403.68, -202.25, -178.68
5.323, -250.14, -215.94, -90.05, -400.56, -156.46, -72.21, -401.16, -165.27, -92.69
5.351, -200.27, -176.15, -64.08, -331.59, -109.85, -47.05, -344.98, -120.51, -55.83
5.378, -158.05, -120.97, 4.31, -288.01, -50.88, 20.58, -298.98, -64.28, 5.87
5.406, -175.65, -138.61, 64.85, -287.48, -63.82, 80.38, -289.69, -63.91, 66.02
5.433, -17.52, -86.96, 63.58, -86.65, -10.38, 78.38, -125.73, -20.68, 76.00
5.461, 79.16, -50.50, 66.37, -20.76, 26.08, 80.48, -41.01, 17.06, 79.61
5.488, 98.66, -87.62, -7.59, 16.96, -9.04, 5.84, 5.78, -4.01, 20.06
5.516, 158.73, -84.70, -71.36, 53.91, -5.37, -58.59, 44.67, -5.11, -43.48
5.543, 250.13, -8.85, -111.72, 158.44, 68.31, -99.58, 136.51, 54.17, -88.77
5.571, 250.13, 91.35, -56.66, 130.77, 160.44, -45.13, 131.87, 140.01, -53.52
5.599, 250.13, 127.76, 23.89, 93.72, 188.68, 34.84, 101.05, 179.33, 17.86
5.626, 250.13, 7.39, 17.28, 115.24, 65.74, 27.66, 112.52, 87.57, 25.77
5.654, 250.13, -31.71, 20.41, 149.43, 25.64, 30.23, 142.32, 37.57, 29.37
5.681, 250.13, -190.16, -9.23, 128.48, -125.38, 0.07, 131.15, -94.02, 5.71
5.709, 250.13, -168.91, -80.34, 106.25, -98.84, -71.55, 111.05, -97.91, -56.67
5.736, 250.13, -12.85, -31.15, 97.58, 54.49, -22.87, 100.17, 25.09, -29.39
5.764, 250.13, 166.20, -119.92, 101.47, 223.19, -112.09, 101.22, 185.07, -96.18
5.792, 250.13, 225.70, -66.20, 48.41, 268.70, -58.82, 58.56, 252.63, -66.00
5.819, 250.13, 152.51, -36.58, 258.39, 185.83, -29.65, 220.00, 198.66, -36.63
5.847, 250.13, 243.76, -97.18, 332.75, 263.86, -90.68, 311.07, 251.32, -80.29
5.874, 246.60, 250.13, -109.44, 350.96, 256.87, -103.38, 343.25, 255.80, -98.92
5.902, 225.90, 250.13, -153.39, 399.96, 244.15, -147.71, 389.01, 246.40, -138.29
5.929, 151.53, 250.13, -211.72, 235.96, 234.58, -206.38, 265.35, 236.85, -193.30
5.957, 56.50, 250.13, -214.17, 132.17, 221.23, -209.21, 157.82, 224.24, -206.15
5.984, 78.54, 208.71, -250.60, 134.02, 171.11, -245.99, 138.61, 181.35, -238.31
6.012, -62.48, 205.24, -243.31, 2.46, 159.27, -239.04, 28.69, 163.52, -238.90
6.040, -163.85, -14.98, -155.08, -89.29, -58.97, -151.14, -66.57, -16.11, -168.04
6.067, -250.14, -45.45, -130.62, -175.57, -86.06, -126.98, -154.57, -72.59, -134.89
6.095, -250.14, -98.85, -92.64, -158.83, -132.90, -89.29, -158.01, -121.30, -98.06
6.122, -250.14, -236.86, -108.86, -310.59, -258.10, -105.79, -281.27, -231.81, -104.30
6.150, -250.14, -244.66, -138.29, -308.80, -253.89, -135.50, -303.50, -249.64, -129.50
6.177, -250.14, -250.14, -198.43, -374.37, -246.87, -195.91, -360.72, -247.40, -183.12
6.205, -250.14, -250.14, -250.60, -380.95, -235.96, -248.33, -377.05, -238.17, -235.77
6.232, -250.14, -250.14, -250.60, -415.45, -224.95, -248.58, -408.05, -227.50, -246.11
6.260, -212.31, -250.14, -250.60, -391.82, -213.89, -248.85, -394.96, -216.52, -248.32
6.287, -140.28, -250.14, -250.60, -299.63, -203.27, -249.02, -318.00, -205.82, -248.88
6.315, -17.72, -103.34, -5.73, -166.03, -53.08, -4.32, -195.16, -82.36, -51.21
6.343, 141.71, 4.04, 5.83, 10.49, 52.09, 7.03, -28.97, 26.29, -4.15
6.370, 250.13, 250.13, 173.91, 122.81, 283.87, 174.90, 93.66, 234.40, 140.52
6.398, 250.13, 250.13, 147.33, 61.46, 269.76, 148.15, 67.64, 262.98, 146.68
6.426, 250.13, 250.13, 169.00, 36.90, 256.58, 169.60, 42.82, 257.81, 165.19
6.453, 250.13, 250.13, 110.95, 389.63, 244.40, 111.39, 322.82, 246.99, 121.75
6.481, 250.13, 250.13, -109.47, 437.87, 231.38, -109.19, 415.71, 234.38, -64.71
6.508, 250.13, 250.13, 54.33, 455.54, 222.82, 54.45, 447.87, 225.05, 31.49
6.536, 19.47, -51.24, 97.17, 168.43, -75.26, 97.15, 222.24, -17.43, 84.51
6.563, 14.92, -74.95, -17.93, 134.51, -95.29, -18.12, 151.46, -80.25, 1.72
6.591, -154.46, -250.14, -25.72, -7.70, -257.15, -25.98, 22.90, -223.14, -20.65
6.618, -250.14, -250.14, -9.94, -54.13, -244.69, -10.33, -39.31, -240.54, -12.32
6.646, -250.14, -250.14, -20.59, 38.36, -234.75, -21.10, 23.41, -235.87, -19.41
6.674, -250.14, -250.14, -49.06, 71.77, -224.01, -49.69, 62.46, -226.29, -43.86
6.701, -250.14, -250.14, -46.70, -505.89, -212.66, -47.43, -396.43, -215.29, -46.74
6.729, -250.14, -250.14, 15.33, -477.03, -202.11, 14.50, -461.52, -204.64, 2.72
6.756, -250.14, -233.82, 4.19, -422.47, -175.65, 3.28, -429.98, -181.22, 3.17
6.784, -199.76, -100.15, 90.21, -357.67, -38.89, 89.18, -371.60, -66.31, 72.61
6.811, -221.95, -91.58, 63.76, -354.01, -28.29, 62.70, -357.38, -35.59, 64.60
6.839, -144.56, -50.60, 81.89, -249.45, 13.30, 80.72, -270.21, 3.90, 77.62
6.867, -97.35, -33.49, 77.60, -187.77, 29.51, 76.37, -203.61, 24.58, 76.61
6.894, 54.60, 102.15, 147.81, -33.18, 157.73, 146.47, -66.06, 132.05, 132.99
6.922, 238.73, 250.13, 107.14, 135.11, 291.10, 105.74, 96.28, 260.40, 111.00
6.949, 250.13, 250.13, 249.67, 121.90, 277.17, 248.25, 116.98, 273.95, 221.86
6.977, 250.13, 250.13, 198.40, 87.97, 264.06, 196.89, 93.56, 265.97, 201.70
7.004, 250.13, 250.13, 166.94, 633.39, 252.17, 165.38, 529.36, 254.83, 172.38
7.032, 250.13, 250.13, 33.60, 580.14, 238.12, 32.00, 570.36, 241.34, 59.03
7.059, 250.13, 250.13, -5.02, 521.34, 227.18, -6.66, 530.78, 229.91, 5.99
7.087, 250.13, 250.13, -168.44, 489.57, 214.99, -170.11, 497.50, 217.86, -136.22
7.115, 240.98, 163.79, -182.98, 407.00, 122.75, -184.68, 424.40, 141.03, -175.36
7.142, 73.22, 67.34, 4.14, 233.81, 23.86, 2.40, 270.50, 46.42, -31.83
7.170, 96.59, -73.53, 12.37, 215.43, -111.44, 10.58, 226.03, -81.05, 2.42
7.197, -58.69, -227.57, 175.69, 87.79, -253.48, 173.87, 114.44, -220.23, 140.81
7.225, -250.14, -250.14, 191.20, -89.02, -263.52, 189.36, -49.80, -255.17, 180.00
7.252, -250.14, -250.14, 210.70, -57.78, -250.83, 208.84, -56.24, -251.67, 203.28
7.280, -250.14, -250.14, 25.69, 69.49, -239.18, 23.77, 45.14, -241.60, 58.53
7.307, -250.14, -250.14, -159.39, -487.88, -228.78, -161.25, -385.66, -231.24, -119.10
7.335, -250.14, -250.14, -95.67, 115.00, -218.00, -97.57, 18.69, -220.55, -101.71
7.363, -250.14, -250.14, -177.78, -499.67, -206.68, -179.67, -400.18, -209.34, -164.71
7.390, -250.14, -218.92, -82.19, -454.87, -166.18, -84.10, -444.37, -174.47, -99.58
7.418, -93.74, -55.03, 88.09, -279.06, -1.33, 86.15, -310.90, -34.68, 50.37
7.445, -26.59, 139.91, 104.30, -205.39, 184.47, 102.34, -225.73, 142.22, 92.32
7.473, 53.35, 199.45, 159.55, -110.81, 232.24, 157.60, -132.95, 214.90, 145.02
7.500, 250.13, 250.13, 249.67, 77.16, 269.44, 247.71, 36.65, 258.93, 227.92
7.528, 250.13, 250.13, 249.67, 5.30, 255.96, 247.72, 11.34, 256.53, 243.91
7.555, 250.13, 250.13, 203.19, 630.77, 243.88, 201.24, 511.54, 246.32, 209.45
7.583, 250.13, 250.13, 183.48, 584.52, 232.81, 181.52, 570.45, 235.42, 186.91
7.611, 250.13, 250.13, 56.23, 538.78, 221.90, 54.30, 544.86, 224.50, 79.77
7.638, 250.13, 250.13, 55.79, 431.82, 210.35, 53.86, 453.57, 213.07, 58.84
7.666, 210.70, 250.13, 50.01, 331.71, 199.10, 48.10, 355.12, 201.79, 50.16
7.693, 31.88, -12.36, 92.70, 152.52, -61.52, 90.76, 191.59, -10.74, 82.93
7.721, -85.28, -132.50, 85.18, 29.63, -173.48, 83.27, 60.78, -142.17, 83.21
7.748, -250.14, -117.64, 96.03, -118.56, -152.06, 94.12, -83.99, -150.15, 92.01
7.776, -250.14, -250.14, -250.60, -40.49, -271.03, -252.49, -48.86, -247.76, -186.18
7.804, -250.14, -250.14, -250.60, 67.81, -259.73, -252.46, 45.40, -257.43, -239.73
7.831, -250.14, -250.14, -250.60, -478.45, -248.28, -252.45, -377.79, -250.04, -250.01
7.859, -250.14, -250.14, -250.60, -469.41, -235.33, -252.45, -451.79, -238.16, -251.98
7.887, -250.14, -250.14, -250.60, -459.51, -223.79, -252.42, -458.03, -226.55, -252.33
7.914, -118.88, -250.14, -250.60, -303.53, -212.54, -252.41, -333.20, -215.23, -252.40
7.942, -17.82, -42.01, -4.00, -183.94, -3.50, -5.83, -212.76, -44.39, -53.45
7.970, 135.04, 66.20, 69.43, -36.91, 99.33, 67.69, -70.44, 71.93, 44.59
7.997, 216.75, 155.26, 108.22, 53.51, 179.49, 106.49, 29.86, 158.97, 94.68
8.025, 250.13, 142.40, 73.53, 81.05, 158.72, 71.81, 71.28, 158.77, 76.18
8.053, 250.13, 239.02, 165.11, 46.27, 242.12, 163.40, 51.05, 226.20, 146.74
8.081, 250.13, 173.25, 99.96, -35.88, 167.54, 98.28, -19.31, 178.72, 107.52
8.109, 250.13, 250.13, 27.71, 417.68, 232.10, 26.04, 334.27, 221.91, 41.59
8.137, 250.13, 250.13, -148.34, 417.21, 220.22, -149.99, 401.40, 220.54, -113.47
8.165, 250.13, 250.13, -150.44, 427.34, 210.14, -152.08, 422.39, 212.13, -144.71
8.193, 250.13, 250.13, -37.51, 362.91, 199.92, -39.12, 374.23, 202.24, -59.23
8.220, -128.90, 112.22, -22.48, -26.83, 57.84, -24.08, 49.68, 85.39, -30.78
8.248, -250.14, 140.20, 64.93, -133.77, 80.22, 63.35, -98.79, 81.20, 45.40
8.276, -250.14, 85.51, 95.11, -104.25, 23.40, 93.49, -103.19, 34.59, 84.18
8.304, -250.14, -120.90, -165.31, -116.85, -173.41, -166.83, -114.25, -133.89, -119.13
8.332, -250.14, -250.14, -250.60, 3.40, -288.08, -252.11, -19.01, -258.71, -226.78
8.360, -250.14, -250.14, -250.60, -465.91, -276.80, -252.08, -380.84, -273.36, -247.27
8.388, -250.14, -250.14, -250.60, -416.05, -263.76, -252.06, -409.34, -265.58, -251.15
8.416, -250.14, -250.14, -250.60, -437.43, -251.25, -252.04, -432.09, -253.98, -251.87
8.443, -237.22, -161.14, -250.60, -404.10, -154.35, -252.02, -409.43, -173.31, -251.99
8.471, -87.78, -32.72, -115.94, -240.92, -24.63, -117.35, -273.01, -52.95, -142.99
8.499, 56.06, 35.63, 4.57, -95.73, 41.82, 3.16, -129.80, 23.60, -24.94
8.527, 134.11, 71.99, 113.13, 8.02, 74.24, 111.74, -18.48, 64.50, 85.46
8.554, 250.13, 180.34, 180.98, 113.71, 173.45, 179.60, 88.21, 152.44, 161.44
8.582, 250.13, 250.13, 79.97, 74.65, 231.16, 78.61, 77.27, 215.94, 94.62
8.609, 250.13, 250.13, -81.88, 46.31, 219.01, -83.20, 52.27, 218.41, -48.96
8.637, 250.13, 250.13, -43.25, 607.67, 207.54, -44.55, 500.71, 209.63, -45.40
8.664, 250.13, 250.13, 214.59, 504.34, 197.86, 213.31, 503.64, 200.13, 163.42
8.692, 250.13, 250.13, 87.46, 441.63, 187.94, 86.21, 453.55, 190.28, 101.05
8.719, 121.53, 250.13, 177.18, 267.70, 179.11, 175.95, 303.41, 181.26, 161.56
8.747, 74.16, 188.99, 69.56, 225.45, 110.90, 68.36, 240.43, 124.42, 86.27
8.775, -18.36, 122.87, 121.65, 111.56, 41.35, 120.47, 136.35, 57.33, 113.89
8.802, -169.27, -33.31, -14.41, -29.95, -109.71, -15.55, 1.86, -77.76, 9.21
8.830, -250.14, -164.37, 5.98, -118.01, -230.36, 4.86, -95.04, -201.12, 5.69
8.858, -250.14, -250.14, -145.60, -70.77, -301.60, -146.70, -75.41, -282.37, -117.54
8.885, -250.14, -250.14, 10.52, 5.51, -289.07, 9.42, -10.10, -287.78, -15.07
8.913, -250.14, -250.14, -23.70, -532.37, -275.37, -24.77, -431.87, -277.76, -22.91
8.941, -250.14, -250.14, -169.73, -468.14, -261.96, -170.77, -461.16, -265.00, -142.31
8.968, -250.14, -250.14, 103.34, 106.62, -247.93, 102.30, -2.82, -251.22, 55.15
8.996, -250.14, -250.14, 68.46, 120.81, -235.47, 67.45, 97.00, -238.51, 65.08
9.023, 250.13, 175.26, 249.67, 143.23, 179.11, 248.69, 134.34, 98.80, 213.38
9.051, -113.48, -250.14, 169.27, -139.72, -233.08, 168.32, -87.09, -169.35, 176.97
9.078, 250.13, 151.35, -91.86, 57.92, 159.84, -92.80, 30.06, 96.60, -40.98
9.106, 144.70, -141.02, -73.65, 427.65, -124.28, -74.58, 351.03, -81.71, -68.10
9.134, 42.18, -88.55, 42.27, -265.96, -68.44, 41.37, -147.16, -70.99, 20.29
9.161, -141.69, -171.81, -53.94, -108.67, -144.93, -54.83, -116.08, -130.69, -40.35
9.189, -154.44, -201.08, 58.48, -303.34, -165.29, 57.62, -267.38, -158.65, 38.81
9.216, -217.11, -166.56, -33.73, -467.21, -122.58, -34.57, -428.72, -129.53, -20.44
9.244, 250.13, 250.13, 53.91, 52.37, 280.25, 53.07, -40.63, 201.04, 38.86
9.271, -107.19, -70.77, -21.99, -172.49, -38.44, -22.79, -147.12, 7.63, -10.93
9.299, 214.95, 149.39, 57.49, 44.93, 172.82, 56.70, 8.09, 141.13, 43.73
9.327, -102.53, -13.94, 7.18, 280.01, 10.59, 6.40, 227.70, 35.70, 13.58
9.354, -164.98, 36.92, -62.16, -405.22, 58.89, -62.92, -283.36, 54.43, -48.19
9.382, 7.88, 8.34, 7.40, 62.21, 28.36, 6.67, -4.29, 33.38, -3.89
9.409, -112.68, 35.90, 30.75, -308.97, 53.17, 30.03, -250.30, 49.36, 23.50
9.437, -23.25, 47.62, -27.31, -233.24, 63.23, -28.01, -236.52, 60.56, -18.09
9.464, -30.55, -88.27, -8.95, -147.32, -68.23, -9.63, -164.46, -43.49, -11.25
9.492, 11.78, 41.42, -122.18, -53.77, 57.95, -122.85, -75.09, 38.42, -101.36
9.520, -25.57, -17.34, 33.67, -170.37, -0.59, 33.02, -152.02, 6.92, 7.14
9.547, 9.71, 11.46, 3.01, -119.81, 27.17, 2.38, -126.01, 23.28, 3.29
9.575, -8.74, -4.94, -42.81, -144.71, 10.35, -43.43, -141.10, 12.84, -34.42
9.602, 8.14, -7.44, 35.05, -119.59, 7.76, 34.45, -123.74, 8.74, 21.18
9.630, 2.34, -2.08, 11.31, -119.75, 12.78, 10.72, -120.52, 12.00, 12.73
9.657, -7.81, 5.74, -25.32, -124.07, 19.83, -25.90, -123.39, 18.32, -18.46
9.685, -5.68, 4.94, -20.36, -123.08, 18.15, -20.92, -123.14, 18.18, -20.45
9.712, 3.12, -5.65, 30.34, -105.71, 7.45, 29.79, -109.07, 9.51, 20.11
9.740, -3.09, -3.07, 12.81, -107.94, 9.83, 12.27, -108.15, 9.77, 13.78
9.767, -5.60, 5.31, -20.15, -108.02, 17.38, -20.67, -108.04, 15.92, -14.04
9.795, -4.18, 3.62, -10.90, -102.58, 15.03, -11.40, -103.63, 15.20, -11.91
9.823, 3.14, -5.17, 6.39, -93.13, 6.06, 5.90, -95.15, 7.81, 2.48
9.850, 6.37, -7.38, 27.05, -83.39, 3.90, 26.57, -85.65, 4.65, 21.94
9.878, -3.35, 0.76, -13.41, -89.20, 11.66, -13.88, -88.52, 10.31, -6.99
9.906, -6.40, 7.45, -23.51, -91.36, 17.52, -23.97, -90.82, 16.13, -20.70
9.933, 1.05, -1.16, 12.46, -81.05, 8.44, 12.02, -82.92, 9.91, 5.76
9.961, 2.51, -6.63, 17.09, -74.10, 3.15, 16.65, -75.81, 4.46, 14.55
9.988, -3.76, 3.05, -15.84, -76.65, 12.31, -16.26, -76.49, 10.80, -10.34
10.016, -0.08, 1.30, -11.53, -71.95, 10.02, -11.94, -72.83, 10.17, -11.63
10.045, 3.87, -2.64, 12.07, -63.69, 5.64, 11.69, -65.38, 6.48, 7.37
10.072, 1.05, -2.15, 11.65, -64.14, 6.21, 11.26, -64.38, 6.26, 10.51
10.100, -4.50, 3.63, -27.80, -65.83, 11.53, -28.18, -65.55, 10.52, -20.73
10.128, -2.85, -1.08, -2.15, -63.74, 6.47, -2.52, -64.09, 7.25, -6.03
10.155, -1.36, -4.12, 11.27, -58.30, 3.37, 10.92, -59.41, 4.12, 7.67
10.183, -2.80, 4.37, -2.83, -58.04, 11.34, -3.18, -58.30, 9.95, -1.09
10.210, -1.55, -0.40, -4.66, -52.52, 6.31, -4.99, -53.63, 7.01, -4.24
10.238, -0.31, -1.28, -3.09, -54.37, 5.15, -3.42, -54.23, 5.51, -3.58
10.265, 6.13, -8.36, 30.92, -40.91, -1.71, 30.61, -43.47, -0.33, 24.04
10.293, -2.42, 2.70, 1.11, -46.49, 8.97, 0.81, -45.91, 7.18, 5.29
10.321, -4.44, 3.44, -27.89, -48.21, 9.28, -28.18, -47.77, 8.88, -21.76
10.348, -3.51, 2.97, -8.24, -44.69, 8.34, -8.53, -45.28, 8.45, -11.08
10.376, 1.52, -6.92, 21.50, -38.38, -1.49, 21.22, -39.71, 0.42, 15.01
10.403, -0.02, -5.05, 13.57, -33.84, 0.52, 13.30, -34.97, 0.50, 13.63
10.431, -9.97, 2.19, -29.52, -42.87, 7.42, -29.78, -41.35, 6.09, -21.44
10.459, -3.40, 3.60, -14.26, -37.70, 8.29, -14.52, -38.40, 7.87, -15.85
10.486, 5.76, -5.34, 10.53, -26.94, -0.55, 10.28, -29.15, 1.07, 5.24
10.514, 2.10, -5.36, 21.48, -26.96, -0.48, 21.24, -27.38, -0.18, 18.17
10.541, 0.54, 8.96, -32.73, -28.52, 13.20, -32.96, -28.30, 10.62, -23.11
10.569, -1.30, -5.55, -0.47, -28.76, -1.34, -0.70, -28.67, 0.97, -5.04
10.596, 4.32, -0.03, 18.37, -19.02, 4.04, 18.15, -20.87, 3.45, 13.70
10.624, -5.75, 2.25, -3.70, -31.15, 6.06, -3.91, -29.17, 5.56, -0.52
10.651, -0.07, 0.40, -4.57, -21.91, 3.92, -4.77, -23.31, 4.24, -3.95
10.679, -0.65, -0.21, 10.37, -23.37, 3.15, 10.18, -23.36, 3.36, 7.46
10.707, -4.98, -1.83, -24.57, -22.74, 1.57, -24.76, -22.86, 1.92, -18.58
10.734, 0.02, 4.48, 11.69, -22.08, 7.32, 11.51, -22.23, 6.29, 5.73
10.762, 2.56, -3.51, 14.65, -16.56, -0.60, 14.47, -17.65, 0.73, 12.78
10.789, -3.81, 0.47, -12.46, -19.72, 3.27, -12.63, -19.33, 2.78, -7.75
10.817, -0.14, 7.11, -14.80, -15.50, 9.32, -14.97, -16.23, 8.06, -13.58
10.845, 4.20, -6.39, 20.51, -12.00, -4.06, 20.35, -12.82, -1.72, 13.82
10.872, 2.16, -3.28, 9.99, -11.28, -0.75, 9.83, -11.57, -0.94, 10.60
10.900, 0.39, 2.53, -5.17, -12.83, 4.79, -5.32, -12.59, 3.69, -2.25
10.927, -5.82, 4.11, -12.68, -18.70, 5.98, -12.83, -17.52, 5.54, -10.79
10.955, -0.91, -4.82, 7.11, -13.03, -2.88, 6.97, -13.89, -1.26, 3.55
10.982, 1.02, -0.04, 0.71, -6.06, 1.87, 0.57, -7.57, 1.27, 1.15
11.010, -5.82, 2.82, 1.24, -12.80, 4.43, 1.11, -11.80, 3.82, 1.11
11.038, -0.90, 4.40, -9.66, -11.49, 5.65, -9.79, -11.55, 5.30, -7.69
11.065, -1.65, -7.00, 2.96, -8.11, -5.46, 2.84, -8.77, -3.39, 0.81
11.093, -1.65, 1.50, -3.51, -7.10, 2.88, -3.63, -7.42, 1.67, -2.77
11.120, 0.97, -1.73, 4.00, -2.33, -0.35, 3.89, -3.31, 0.04, 2.60
11.148, -1.37, -0.77, -0.95, -6.19, 0.50, -1.06, -5.63, 0.41, -0.35
11.175, -2.37, -0.92, 2.27, -6.19, 0.32, 2.17, -6.08, 0.34, 1.68
11.203, 3.72, 2.52, -8.57, 1.08, 3.56, -8.67, -0.30, 2.94, -6.67
11.230, -2.21, -4.35, -6.05, -4.49, -3.23, -6.14, -3.68, -2.04, -6.25
11.258, 0.95, -0.30, 14.08, -1.53, 0.78, 13.98, -1.95, 0.24, 10.07
11.285, -3.99, 6.56, -13.86, -7.86, 7.27, -13.95, -6.72, 5.92, -9.33
11.313, -2.66, 0.30, -2.53, -4.06, 0.83, -2.61, -4.57, 1.81, -3.91
11.340, 0.34, -3.95, 17.41, -0.20, -3.25, 17.33, -1.04, -2.27, 13.24
11.368, 2.12, 1.63, 4.05, 0.64, 2.17, 3.97, 0.31, 1.31, 5.76
11.396, -2.46, 0.40, -2.91, -3.92, 0.89, -2.99, -3.10, 0.97, -1.30
11.423, -3.81, 3.38, -11.18, -4.20, 3.63, -11.25, -3.99, 3.12, -9.33
11.451, -1.73, -2.63, 12.30, -2.98, -2.33, 12.23, -3.17, -1.28, 8.08
11.478, -2.59, -4.36, 12.50, 0.87, -3.82, 12.44, 0.09, -3.33, 11.60
11.506, -1.74, 2.13, -8.24, 1.43, 2.44, -8.31, 1.17, 1.33, -4.47
11.534, -4.34, -0.85, -7.24, 0.03, -0.53, -7.30, 0.25, -0.17, -6.75
11.561, 2.15, 1.01, 8.47, 4.93, 1.20, 8.41, 4.03, 0.93, 5.49
11.589, -0.12, -2.73, 3.99, 3.49, -2.43, 3.94, 3.59, -1.78, 4.23
11.616, -3.41, 3.31, -11.90, 0.61, 3.41, -11.96, 1.18, 2.41, -8.83
11.644, -2.18, 2.27, -0.29, 1.19, 2.17, -0.34, 1.19, 2.22, -1.97
11.671, -0.34, 2.62, -2.37, 2.30, 2.32, -2.42, 2.09, 2.30, -2.34
11.699, -0.60, -4.98, 6.53, 1.70, -5.04, 6.49, 1.78, -3.62, 4.79
11.726, 0.34, -2.73, 12.34, 5.68, -2.62, 12.30, 4.94, -2.81, 10.86
11.754, -2.13, 3.93, -11.24, 2.29, 3.80, -11.29, 2.80, 2.52, -7.02
11.782, -2.32, -1.34, -0.64, 3.88, -1.45, -0.68, 3.67, -0.69, -1.90
11.809, 2.55, -0.20, 7.38, 7.33, -0.34, 7.34, 6.63, -0.41, 5.57
11.837, -3.25, -3.40, -8.79, 2.93, -3.37, -8.82, 3.64, -2.80, -6.06
11.864, 4.27, 1.85, 5.16, 8.82, 1.72, 5.12, 7.82, 0.85, 2.97
11.892, -4.02, 0.98, 0.46, 0.26, 0.75, 0.42, 1.72, 0.77, 0.92
11.920, -3.42, 1.26, -15.87, 3.60, 0.96, -15.90, 3.24, 0.92, -12.66
11.947, 2.58, -5.16, 20.46, 7.96, -5.27, 20.43, 7.05, -4.08, 14.06
11.975, 0.14, -0.76, 4.48, 5.51, -0.77, 4.45, 5.80, -1.40, 6.29
12.002, -7.02, 3.66, -15.68, 1.48, 3.41, -15.71, 2.31, 2.49, -11.47
12.030, -2.84, 3.12, -8.93, 4.71, 2.66, -8.96, 4.24, 2.62, -9.44
12.057, 0.40, -4.71, 18.06, 6.99, -5.04, 18.04, 6.46, -3.56, 12.75
12.085, 7.76, -2.51, 18.24, 11.82, -2.64, 18.22, 10.79, -2.82, 17.17
12.113, -3.11, 0.31, -9.58, 3.91, 0.16, -9.60, 5.24, -0.41, -4.45
12.140, -8.67, 6.24, -38.14, -0.04, 5.82, -38.16, 0.97, 4.62, -31.67
12.168, -1.29, -0.75, 6.94, 3.94, -1.34, 6.92, 3.37, -0.19, -0.51
12.195, 7.60, -11.49, 41.90, 11.73, -11.49, 41.88, 10.12, -9.32, 33.72
12.223, -0.19, -4.63, -1.73, 8.82, -4.26, -1.74, 9.07, -5.23, 5.09
12.251, -6.05, 5.44, -36.78, 0.92, 5.45, -36.79, 2.48, 3.40, -28.76
12.278, 1.22, -2.55, 7.68, 7.01, -2.54, 7.66, 6.14, -1.39, 0.66
12.306, 1.63, -4.73, 24.34, 8.42, -4.43, 24.33, 7.98, -3.85, 19.78
12.333, -2.76, 2.40, -6.09, 4.49, 2.56, -6.10, 5.16, 1.32, -1.09
12.361, -6.01, 2.07, -11.39, 3.31, 2.05, -11.40, 3.66, 1.91, -9.42
12.388, -3.85, -8.20, 4.76, 6.50, -7.82, 4.75, 5.95, -5.95, 2.02
12.416, 5.85, -1.63, 12.62, 14.70, -1.16, 12.61, 13.01, -2.08, 10.57
12.443, -5.76, 9.60, -20.11, 3.55, 9.56, -20.12, 5.37, 7.32, -14.21
12.471, -2.70, 7.65, -0.70, 2.07, 7.05, -0.71, 2.71, 7.11, -3.31
12.499, 0.02, -1.78, 7.81, 6.50, -2.22, 7.80, 5.77, -0.43, 5.67
12.526, 0.95, 0.42, 17.24, 7.43, -0.04, 17.24, 7.11, -0.12, 15.01
12.554, -0.04, 3.44, -0.88, 6.88, 2.80, -0.88, 6.93, 2.23, 2.18
12.581, -2.98, 2.56, -3.40, 0.12, 1.77, -3.41, 1.43, 1.86, -2.33
12.609, -1.56, -1.92, 9.33, 4.82, -2.57, 9.32, 4.16, -1.71, 7.08
12.636, -3.39, 0.11, -6.40, 5.63, -0.53, -6.41, 5.35, -0.76, -3.80
12.664, -2.34, 2.23, -3.44, 3.75, 1.43, -3.45, 4.05, 1.01, -3.51
12.691, 1.76, -1.84, 17.05, 7.23, -2.56, 17.04, 6.62, -1.87, 13.09
12.719, -0.63, 1.66, 7.12, 7.40, 0.91, 7.12, 7.25, 0.38, 8.27
12.747, -7.32, 2.18, -23.13, 0.15, 1.34, -23.13, 1.52, 1.16, -17.09
12.774, 0.98, -1.06, 8.63, 4.99, -1.89, 8.62, 4.32, -1.30, 3.68
12.802, 1.60, -5.86, 13.53, 9.30, -6.31, 13.53, 8.34, -5.35, 11.63
12.830, -3.30, -2.60, -4.44, 3.81, -2.93, -4.44, 4.68, -3.39, -1.36
12.857, -0.30, 5.69, -10.44, 5.63, 5.06, -10.44, 5.45, 3.43, -8.69
12.885, -2.95, -3.25, 8.02, 3.54, -3.78, 8.02, 3.91, -2.39, 4.81
12.912, 1.41, -1.17, 1.20, 10.73, -1.55, 1.20, 9.42, -1.71, 1.89
12.940, -2.09, -1.95, -9.35, 4.01, -2.26, -9.35, 5.06, -2.16, -7.18
12.967, -1.27, -0.14, 9.22, 4.39, -0.46, 9.22, 4.52, -0.79, 6.07
12.995, 3.84, 4.19, -1.34, 9.47, 3.65, -1.33, 8.52, 2.80, 0.09
13.023, -5.10, 0.79, -14.53, 2.26, 0.23, -14.53, 3.46, 0.73, -11.72
13.050, -2.79, -3.59, -6.73, 5.43, -3.99, -6.73, 5.05, -3.08, -7.69
13.078, 2.25, -7.06, 8.74, 8.63, -7.12, 8.74, 7.94, -6.34, 5.58
13.105, 3.89, -5.02, 15.76, 10.35, -4.77, 15.76, 9.89, -5.07, 13.80
13.133, -7.55, 6.35, -29.99, -0.81, 6.32, -29.99, 1.25, 4.12, -21.55
13.160, 0.26, -3.61, 2.11, 3.45, -3.67, 2.11, 3.03, -2.17, -2.45
13.188, 4.58, -6.56, 28.52, 9.94, -6.21, 28.52, 8.61, -5.43, 22.56
13.215, -5.02, 2.99, -18.28, 1.79, 3.24, -18.28, 3.10, 1.57, -10.41
13.243, -0.53, 2.34, -19.57, 2.32, 2.33, -19.56, 2.47, 2.19, -17.80
13.270, 2.68, -9.99, 18.34, 9.11, -9.50, 18.34, 7.83, -7.24, 11.36
13.298, 2.32, -1.21, 2.22, 8.80, -0.61, 2.23, 8.61, -1.89, 3.99
13.326, -5.08, 4.49, -10.13, 2.41, 4.80, -10.13, 3.60, 3.51, -7.41
13.353, -7.28, 4.36, -20.71, -2.82, 4.41, -20.71, -1.60, 4.24, -18.17
13.381, 3.61, -4.46, 3.22, 9.25, -4.21, 3.23, 7.18, -2.60, -0.85
13.409, 0.06, -2.57, 13.30, 5.15, -2.18, 13.30, 5.53, -2.26, 10.60
13.437, -3.49, -0.90, -6.74, 3.79, -0.48, -6.74, 4.12, -0.82, -3.43
13.465, -3.49, 2.51, 1.20, -2.12, 2.71, 1.20, -0.94, 2.04, 0.32
13.493, -3.89, -2.94, -8.18, 2.61, -2.54, -8.18, 1.93, -1.66, -6.56
13.521, -4.09, 5.69, -10.44, 2.16, 5.80, -10.44, 2.11, 4.37, -9.70
13.549, -0.37, -5.53, 12.45, 5.63, -5.24, 12.46, 4.96, -3.41, 8.23
13.577, 3.63, 1.65, 0.34, 9.14, 1.92, 0.34, 8.35, 0.90, 1.84
13.604, -1.32, -0.33, -0.11, -1.01, -0.22, -0.11, 0.80, -0.00, 0.27
13.632, 2.47, -1.47, 13.79, 6.38, -1.24, 13.80, 5.32, -1.00, 11.22
13.660, -3.90, 0.82, -13.28, 1.24, 1.07, -13.28, 2.02, 0.68, -8.61
13.688, -0.47, 0.28, -0.12, 2.68, 0.43, -0.12, 2.55, 0.47, -1.73
13.716, -0.88, -1.65, -4.20, 4.93, -1.39, -4.19, 4.48, -1.04, -3.72
13.744, 1.08, -0.21, 1.60, 5.54, -0.01, 1.61, 5.34, -0.21, 0.59
13.772, -2.31, -3.10, 6.15, 2.15, -2.69, 6.16, 2.75, -2.22, 5.10
13.800, -3.98, 4.50, -29.27, 1.80, 4.67, -29.26, 1.98, 3.37, -22.75
13.828, -3.03, -3.55, 6.42, 1.34, -3.36, 6.43, 1.46, -2.08, 0.87
13.856, 5.78, -5.31, 25.34, 8.96, -4.83, 25.35, 7.53, -4.31, 20.69
13.884, -1.63, 3.21, -10.73, 1.77, 3.59, -10.73, 2.86, 2.09, -4.74
13.911, -3.74, 2.98, -19.40, -0.99, 3.16, -19.40, -0.25, 2.95, -16.59
13.939, 4.43, -7.90, 24.22, 7.89, -7.38, 24.23, 6.34, -5.41, 16.46
13.967, 2.29, -2.74, 14.56, 7.64, -2.03, 14.56, 7.39, -2.67, 14.92
13.995, -7.05, 4.31, -20.29, -2.10, 4.71, -20.28, -0.28, 3.29, -13.52
14.022, -2.78, 5.27, -17.59, -2.19, 5.35, -17.58, -1.82, 4.96, -16.80
14.050, -1.24, -6.70, 15.89, 2.68, -6.29, 15.90, 1.81, -4.12, 9.58
14.077, 1.30, 3.64, 6.95, 4.75, 3.90, 6.96, 4.19, 2.36, 7.46
14.105, -5.05, 3.82, -14.59, -0.69, 3.85, -14.58, 0.25, 3.56, -10.33
14.132, 2.67, 0.69, -0.02, 3.99, 0.65, -0.02, 3.27, 1.21, -2.00
14.160, 2.37, -4.37, 8.21, 4.86, -4.17, 8.21, 4.56, -3.13, 6.24
14.188, -1.10, 0.69, 0.57, 3.45, 0.89, 0.58, 3.67, 0.11, 1.67
14.215, -3.29, 2.79, -17.02, 2.21, 2.79, -17.01, 2.49, 2.27, -13.42
14.243, -1.06, -1.00, -1.76, -0.72, -1.05, -1.76, -0.10, -0.41, -4.00
14.270, 2.85, -6.37, 31.42, 7.15, -6.05, 31.42, 5.76, -4.97, 24.62
14.298, -4.87, 3.92, -10.44, 0.45, 4.08, -10.44, 1.47, 2.34, -3.70
14.325, -2.90, 4.37, -9.94, -1.98, 4.18, -9.93, -1.32, 3.82, -8.73
14.353, 5.59, -5.84, 20.87, 7.53, -5.65, 20.88, 5.82, -3.82, 15.18
14.381, -0.31, -2.86, -6.12, 3.58, -2.50, -6.12, 4.01, -2.76, -2.02
14.408, -2.66, 2.44, -13.94, 1.40, 2.67, -13.93, 1.91, 1.62, -11.63
14.436, -0.56, 2.04, -12.99, 0.69, 2.08, -12.98, 0.93, 1.99, -12.72
14.463, 1.38, -6.76, 8.13, 4.26, -6.38, 8.13, 3.62, -4.77, 4.12
14.491, 1.60, 1.62, 1.58, 3.12, 1.96, 1.58, 3.22, 0.67, 2.07
14.518, -4.30, -2.13, -21.66, 0.89, -1.72, -21.66, 1.34, -1.26, -17.10
14.546, 4.72, -5.14, 7.58, 7.12, -4.53, 7.58, 6.01, -3.90, 2.83
14.574, 3.75, -2.11, 16.02, 5.51, -1.43, 16.03, 5.60, -1.91, 13.48
14.601, -1.52, 3.89, -7.38, 0.89, 4.38, -7.38, 1.80, 3.17, -3.36
14.629, -3.20, 3.81, -11.45, -3.48, 4.01, -11.45, -2.47, 3.85, -9.89
14.656, 0.09, -5.08, 7.82, 2.83, -4.63, 7.82, 1.81, -3.00, 4.41
14.684, -0.51, -1.85, -0.76, 1.43, -1.30, -0.75, 1.50, -1.62, 0.24
14.711, -2.56, 3.73, -10.14, -1.61, 4.05, -10.13, -1.01, 2.96, -8.14
14.739, -1.60, -1.15, -2.80, -0.15, -0.80, -2.80, -0.31, -0.08, -3.82
14.766, 3.36, -6.07, 17.30, 6.70, -5.44, 17.30, 5.34, -4.41, 13.22
14.794, -2.20, -0.19, 4.32, 2.38, 0.46, 4.32, 2.95, -0.47, 6.04
14.821, -0.29, 4.35, -5.47, -0.23, 4.69, -5.47, 0.38, 3.70, -3.25
14.849, -0.18, -2.59, 1.21, 1.46, -2.11, 1.22, 1.25, -1.00, 0.36
14.877, -1.10, 1.60, -9.28, -3.11, 2.01, -9.27, -2.27, 1.44, -7.43
14.904, -1.44, 0.66, 0.97, 0.46, 1.01, 0.97, -0.07, 1.09, -0.65
14.932, -2.65, 5.44, -13.84, 1.26, 5.51, -13.84, 1.00, 4.66, -11.30
14.960, -0.35, -0.31, 16.44, -1.69, -0.35, 16.45, -1.17, 0.62, 11.10
14.987, -6.98, 2.01, -12.11, -1.65, 1.99, -12.11, -1.56, 1.73, -7.64
15.015, -1.05, -0.46, -1.79, 2.46, -0.54, -1.79, 1.69, -0.10, -2.92
15.042, 5.54, -2.46, 13.37, 4.75, -2.40, 13.37, 4.16, -1.96, 10.24
15.071, 0.42, -0.63, 0.43, 4.13, -0.48, 0.43, 4.13, -0.75, 2.25
15.099, -0.40, 2.56, 1.43, -0.34, 2.52, 1.44, 0.51, 1.89, 1.59
15.127, 1.31, 2.90, 1.41, -0.95, 2.70, 1.42, -0.67, 2.55, 1.45
15.154, -4.58, 1.13, -23.01, -4.03, 0.89, -23.00, -3.38, 1.21, -18.28
15.182, -2.79, -5.42, 4.26, 0.36, -5.42, 4.26, -0.36, -4.14, -0.08
15.209, 5.83, -3.44, 24.69, 8.74, -3.28, 24.70, 6.99, -3.44, 19.92
15.237, -2.13, 1.53, -0.82, -1.40, 1.63, -0.81, 0.21, 0.66, 3.18
15.264, -5.48, 5.73, -14.23, -4.74, 5.54, -14.23, -3.79, 4.60, -10.88
15.292, -0.63, -6.73, 6.51, 2.92, -6.64, 6.51, 1.62, -4.47, 3.16
15.319, -3.82, -2.73, 10.83, -1.78, -2.42, 10.83, -1.13, -2.81, 9.36
15.347, -1.52, 7.75, -10.67, 3.00, 7.60, -10.67, 2.20, 5.59, -6.81
15.374, -0.41, 5.07, 3.06, -1.16, 4.63, 3.06, -0.51, 4.82, 1.17
15.402, 3.73, 0.12, 24.62, 3.53, -0.30, 24.62, 2.76, 0.69, 20.11
15.430, -2.23, -0.93, 0.27, -5.41, -1.25, 0.27, -3.84, -0.88, 4.08
15.457, -3.82, 11.63, -12.31, -6.93, 10.66, -12.31, -6.33, 8.44, -9.16
15.485, -3.69, -10.53, 23.85, -6.73, -11.03, 23.85, -6.65, -7.28, 17.50
15.512, -2.63, -5.12, 2.70, 1.42, -5.19, 2.70, -0.14, -5.60, 5.55
15.540, -4.32, 2.33, -21.48, -3.36, 2.10, -21.48, -2.74, 0.62, -16.27
15.567, 1.76, -3.55, 12.24, 0.64, -3.66, 12.24, -0.01, -2.84, 6.75
15.595, 0.73, -7.82, 18.64, 4.49, -7.43, 18.64, 3.62, -6.55, 16.35
15.623, -2.90, 3.54, -8.16, 0.79, 3.74, -8.16, 1.34, 1.76, -3.44
15.650, -2.75, 3.71, -15.12, -3.26, 3.64, -15.12, -2.38, 3.28, -12.87
15.678, 1.44, -4.76, 10.69, 1.28, -4.61, 10.70, 0.57, -3.09, 6.16
15.705, 4.16, -5.39, 21.86, 6.90, -4.91, 21.86, 5.68, -4.56, 18.83
15.733, -9.25, 5.40, -27.76, -5.52, 5.68, -27.76, -3.36, 3.71, -18.80
15.760, 2.89, 2.12, -9.05, 3.38, 2.11, -9.04, 2.08, 2.42, -10.92
15.788, 1.02, -11.95, 23.50, 1.62, -11.31, 23.50, 1.71, -8.66, 16.84
15.815, 2.90, 0.63, 2.51, 4.26, 1.28, 2.51, 3.77, -0.63, 5.26
15.843, -7.18, 4.46, -21.21, -4.46, 4.83, -21.20, -2.88, 3.78, -16.12
15.871, -3.84, 1.25, -15.24, 0.39, 1.49, -15.24, -0.24, 1.93, -15.40
15.898, 2.50, -2.92, 12.57, 4.14, -2.53, 12.57, 3.30, -1.67, 7.17
15.926, 0.63, -4.49, 13.57, 3.67, -3.86, 13.57, 3.60, -3.44, 12.34
15.953, -5.67, 3.11, -22.31, -0.58, 3.58, -22.30, 0.22, 2.23, -15.63
15.981, -0.73, -1.42, -3.84, -0.85, -1.04, -3.84, -0.65, -0.41, -6.11
16.008, 2.40, -5.37, 29.62, 3.70, -4.66, 29.62, 2.86, -3.84, 22.73
16.036, -0.29, 3.31, -9.77, 2.11, 3.90, -9.77, 2.25, 2.41, -3.51
16.063, -3.25, 0.73, -3.10, -3.30, 1.18, -3.10, -2.23, 1.42, -3.18
16.091, 0.57, -1.87, 6.51, 1.35, -1.33, 6.51, 0.66, -0.80, 4.64
16.119, 1.27, -0.56, 2.62, 2.57, -0.06, 2.62, 2.21, -0.20, 3.01
16.146, 0.98, 1.91, 0.06, 1.24, 2.34, 0.06, 1.42, 1.85, 0.63
16.174, -2.50, -0.29, -9.92, -1.45, 0.16, -9.92, -0.90, 0.48, -7.89
16.201, 1.90, -1.41, 3.82, 4.31, -0.95, 3.83, 3.31, -0.68, 1.57
16.229, -2.66, 1.85, -5.63, -0.95, 2.23, -5.63, -0.13, 1.67, -4.24
16.256, -2.77, 4.24, -11.34, -0.28, 4.35, -11.33, -0.25, 3.83, -9.97
16.284, 1.78, -5.41, 21.03, 2.42, -5.06, 21.03, 1.91, -3.35, 15.07
16.311, -0.63, -3.27, 8.62, 2.40, -2.66, 8.62, 2.30, -2.80, 9.86
16.339, -3.12, 4.40, -15.12, -1.06, 4.71, -15.12, -0.41, 3.26, -10.32
16.367, -6.31, 1.71, -14.76, -3.91, 1.91, -14.75, -3.24, 2.17, -13.90
16.394, 2.35, -2.34, 12.72, 3.93, -2.10, 12.72, 2.55, -1.28, 7.59
16.422, -1.85, -2.11, 13.17, 0.86, -1.70, 13.17, 1.18, -1.62, 12.09
16.449, -1.97, 6.61, -18.79, -0.91, 6.65, -18.79, -0.51, 5.06, -12.85
16.477, -1.71, -1.08, 1.73, -1.71, -1.06, 1.73, -1.48, 0.12, -1.09
16.504, 0.31, -4.61, 10.11, 3.91, -4.31, 10.11, 2.87, -3.46, 7.95
16.532, -0.03, 2.54, -12.87, 4.32, 2.75, -12.87, 4.04, 1.56, -8.86
16.559, 3.65, 5.11, 1.92, 2.24, 4.97, 1.92, 2.58, 4.31, -0.15
16.587, 0.11, -5.72, 18.56, 0.21, -5.57, 18.56, 0.67, -3.67, 14.96
16.614, -1.03, 3.24, -0.50, 1.64, 3.32, -0.50, 1.45, 1.98, 2.47
16.642, -2.50, 3.15, -2.33, -2.94, 2.97, -2.33, -2.09, 2.78, -1.40
16.670, -3.99, -0.55, -4.34, -2.60, -0.67, -4.34, -2.50, -0.01, -3.78
16.697, -1.42, 2.94, -8.29, -2.68, 2.65, -8.29, -2.65, 2.14, -7.42
16.725, -3.82, -1.58, 6.67, -0.76, -1.76, 6.67, -1.12, -1.01, 3.95
16.752, -0.44, 0.11, 5.83, 1.02, -0.11, 5.83, 0.61, -0.28, 5.47
16.780, -1.84, -2.23, 5.14, -0.43, -2.32, 5.15, -0.23, -1.93, 5.21
16.807, -0.43, 3.11, -10.97, 2.27, 2.90, -10.97, 1.79, 1.97, -7.85
16.835, -0.55, -1.70, 4.92, -1.46, -1.88, 4.92, -0.84, -1.14, 2.47
16.863, 0.51, -3.07, 11.67, 2.93, -3.04, 11.67, 2.21, -2.68, 9.91
16.890, 0.82, 4.19, 1.42, 0.45, 3.99, 1.42, 0.78, 2.72, 3.04
16.918, -1.91, 2.92, -6.78, -2.67, 2.56, -6.78, -2.00, 2.59, -4.89
16.946, 0.71, 1.85, 3.13, 1.44, 1.42, 3.13, 0.78, 1.65, 1.59
16.973, -2.05, -4.00, 5.80, -0.16, -4.22, 5.80, 0.02, -3.09, 4.99
17.001, -2.15, 2.29, -2.79, 0.38, 1.98, -2.79, 0.31, 1.01, -1.29
17.028, -1.80, 2.67, -3.18, -2.05, 2.20, -3.18, -1.59, 1.97, -2.81
17.056, -0.75, -2.36, 7.58, -1.64, -2.68, 7.58, -1.63, -1.78, 5.58
17.083, 3.02, 1.98, 3.13, 3.96, 1.55, 3.13, 2.89, 0.91, 3.60
17.111, -2.50, 3.51, -8.26, -2.24, 2.95, -8.26, -1.25, 2.56, -5.98
17.139, 3.08, -0.85, 8.31, 2.09, -1.45, 8.31, 1.45, -0.68, 5.56
17.166, 0.44, -3.58, 9.47, 0.53, -3.91, 9.47, 0.71, -3.29, 8.72
17.194, -2.67, -2.73, -5.10, -0.21, -2.87, -5.10, -0.03, -2.95, -2.44
17.221, -3.92, 2.92, -8.52, -2.35, 2.62, -8.52, -1.91, 1.55, -7.35
17.249, -3.29, -1.02, -15.40, -0.78, -1.29, -15.40, -1.00, -0.74, -13.86
17.276, 3.61, -1.66, 16.96, 4.70, -1.86, 16.96, 3.60, -1.64, 11.03
17.304, -2.93, 0.20, -7.76, 0.09, 0.07, -7.76, 0.76, -0.26, -4.15
17.332, -0.62, 5.35, -15.59, -2.37, 4.88, -15.59, -1.77, 3.89, -13.38
17.359, 0.93, -7.51, 16.53, 3.16, -7.58, 16.53, 2.22, -5.37, 10.77
17.387, 2.58, 0.08, -1.73, 1.61, 0.06, -1.73, 1.72, -0.98, 0.68
17.414, -2.12, -0.34, -2.66, -2.54, -0.40, -2.66, -1.72, -0.51, -2.02
17.442, 1.08, 1.63, -3.60, 2.42, 1.53, -3.60, 1.63, 1.14, -3.30
17.470, -1.49, -2.04, 3.67, 0.56, -2.06, 3.67, 0.76, -1.45, 2.33
17.497, -2.92, 0.68, -7.24, -0.00, 0.69, -7.24, 0.14, 0.28, -5.40
17.525, -1.02, -0.26, 7.33, -0.31, -0.33, 7.33, -0.22, -0.21, 4.88
17.552, -0.09, -1.66, -1.63, 2.14, -1.59, -1.63, 1.68, -1.32, -0.37
17.580, 2.19, -0.91, 5.24, 0.22, -0.83, 5.24, 0.50, -0.92, 4.17
17.607, -1.77, -0.99, -0.37, 0.35, -0.81, -0.37, 0.38, -0.83, 0.50
17.635, -3.61, 4.53, -16.11, -2.71, 4.47, -16.11, -2.11, 3.45, -12.92
17.663, -6.63, -1.40, -8.99, -4.35, -1.42, -8.98, -3.92, -0.49, -9.74
17.690, 4.06, 1.79, 17.05, 3.46, 1.66, 17.05, 2.04, 1.25, 11.89
17.718, -3.39, -2.69, 1.16, -2.09, -2.66, 1.16, -1.30, -1.91, 3.23
17.745, -0.52, 5.52, -17.09, -1.44, 5.28, -17.09, -1.41, 3.90, -13.18
17.773, 0.33, 3.24, -1.63, -1.60, 2.81, -1.63, -1.56, 3.02, -3.86
17.800, 1.73, -6.50, 11.72, 0.89, -6.61, 11.73, 0.42, -4.76, 8.74
17.828, 5.79, -3.51, 20.72, 6.03, -3.39, 20.73, 4.95, -3.66, 18.42
17.855, -4.63, 0.99, -11.10, -3.01, 1.08, -11.10, -1.46, 0.16, -5.38
17.883, -4.00, -4.79, -18.47, 0.74, -4.48, -18.47, 0.32, -3.59, -15.95
17.911, -4.58, -4.70, -11.26, -2.63, -4.14, -11.26, -2.06, -4.03, -12.16
