0.000, 1.05, -4.09, 8.23, -45965.49, -1600.35, 8.23, -124.74, -4.34, 0.02
0.031, -0.73, -6.95, 8.96, 51.03, -2.23, 8.96, 20.37, -2.60, 7.40
0.061, -2.70, 8.27, -11.25, -12.43, 6.72, 4049.68, -6.45, 5.02, 3312.19
0.088, -1.86, -2.98, -1.02, -24.65, -3.66, 2383.77, -21.13, -1.98, 2563.24
0.116, 2.77, -10.12, 22.34, 7.81, -7.80, -1337.62, 2.24, -6.68, -587.20
0.143, -3.08, 9.60, -5.85, -7.91, 9.60, -1044.56, -5.94, 6.44, -955.87
0.170, -4.18, 2.65, -35.01, -7.61, 1.95, 1733.48, -7.29, 2.82, 1212.44
0.199, 6.44, -5.26, 15.16, 7.78, -4.83, 1496.07, 4.94, -3.39, 1442.74
0.228, 5.37, -6.43, 13.86, 7.61, -4.82, -1142.68, 7.12, -4.56, -670.03
0.255, -6.21, -0.72, -14.79, 1.57, 1.13, 1432.83, 2.65, 0.03, 1026.09
0.283, -0.47, 1.95, 1.67, -3.12, 2.95, 1273.66, -2.00, 2.38, 1225.58
0.310, -4.05, -5.51, 5.02, 4.87, -3.64, -1436.31, 3.55, -2.48, -925.31
0.338, 1.10, -2.44, -1.76, 3.18, -0.18, 1207.29, 3.25, -0.62, 797.14
0.368, -0.34, 1.07, -3.94, 1.35, 2.66, 980.24, 1.69, 2.07, 947.59
0.395, -3.49, -0.29, -5.62, -4.30, 1.01, 895.01, -3.14, 1.21, 905.24
0.423, 1.80, -0.64, 6.17, 4.69, 0.63, 766.53, 3.17, 0.74, 793.49
0.450, -8.63, 0.53, -16.12, 5.04, 1.67, 623.82, 4.68, 1.49, 656.81
0.477, 4.23, 0.07, 6.92, 5.55, 0.68, 543.69, 5.38, 0.84, 565.65
0.504, 1.56, -13.58, 20.25, 6.11, -10.55, -1735.59, 5.97, -8.34, -1289.23
0.532, 0.18, 7.48, -6.74, 0.51, 8.96, -1553.64, 1.57, 5.60, -1502.27
0.559, -9.27, 7.19, -39.47, -11.09, 7.26, 682.27, -8.63, 6.94, 257.39
0.586, 5.70, -1.91, 24.22, -1.86, -2.04, 652.14, -3.18, -0.29, 575.18
0.613, 4.35, -9.50, 32.20, 2.64, -7.89, -1380.36, 1.51, -6.41, -1000.29
0.641, -3.53, 2.86, -30.66, 12.88, 4.33, 617.13, 10.68, 2.24, 303.65
0.668, -4.98, 7.05, -25.52, -11.15, 6.73, 546.05, -6.90, 5.85, 498.85
0.695, 0.61, -8.69, 27.32, -8.80, -7.85, 529.55, -8.43, -5.19, 523.59
0.722, 1.53, -4.94, 13.08, 7.81, -3.31, -1282.48, 4.66, -3.67, -931.91
0.750, -8.47, 8.66, -39.69, 0.99, 9.12, 491.34, 1.70, 6.63, 214.61
0.777, -5.19, 2.55, -0.75, -6.59, 2.12, 469.37, -4.99, 2.99, 420.13
0.804, 5.75, -7.25, 32.30, -1.28, -6.63, 450.96, -2.00, -4.78, 445.01
0.832, 2.46, -4.24, 4.23, 9.83, -2.86, 378.74, 7.54, -3.23, 391.56
0.859, -4.40, 5.61, -28.58, -0.48, 6.03, 305.69, 1.07, 4.24, 322.27
0.887, -2.95, 0.44, -0.32, -7.77, 0.57, 295.72, -6.10, 1.26, 300.74
0.915, 6.98, 0.83, 25.25, 4.63, 1.01, 292.66, 2.56, 1.06, 294.22
0.942, -4.47, -0.63, -4.67, -9.72, -0.49, 235.79, -7.33, -0.19, 247.14
0.970, 0.20, -1.71, -7.87, 2.99, -1.31, 207.46, 1.01, -1.10, 215.07
0.998, 2.98, -3.14, 11.33, 3.34, -2.51, 204.85, 2.89, -2.24, 206.81
1.025, -0.97, -0.35, 0.03, 1.82, 0.26, 174.07, 2.02, -0.22, 180.34
1.053, -3.03, 7.73, -16.11, -3.92, 7.50, 140.53, -2.78, 6.02, 148.15
1.081, 0.31, -4.27, -5.13, 0.21, -4.12, 135.76, -0.36, -2.17, 138.14
1.108, -3.31, -2.27, 4.07, -2.80, -1.82, 130.99, -2.33, -1.89, 132.36
1.136, -5.55, 2.21, -27.86, -3.55, 2.41, 85.87, -3.32, 1.57, 94.90
1.163, -1.62, 0.56, 9.71, -5.72, 0.52, 112.31, -5.25, 0.73, 108.93
1.190, -2.15, -5.44, 15.67, 1.47, -4.88, 108.06, 0.16, -3.79, 108.23
1.217, 0.37, 2.50, 0.74, 2.64, 2.75, 84.43, 2.16, 1.48, 89.06
1.245, -1.28, 3.75, -6.08, 2.16, 3.70, 69.68, 2.16, 3.27, 73.44
1.272, 0.76, -2.42, -2.15, 3.87, -2.28, 65.91, 3.54, -1.20, 67.38
1.299, -6.30, 0.60, -7.70, -2.80, 0.73, 53.89, -1.57, 0.36, 56.51
1.326, -1.61, -2.09, 3.87, 0.16, -1.94, 59.36, -0.18, -1.49, 58.81
1.354, 3.72, -4.71, 10.67, 3.64, -4.13, 60.73, 2.90, -3.62, 60.36
1.381, -1.60, -1.63, 2.94, 0.49, -0.92, 47.93, 0.96, -1.45, 50.34
1.408, -0.82, 5.50, 1.26, -0.99, 5.72, 41.02, -0.61, 4.32, 42.84
1.435, -2.69, 8.81, -7.12, -2.37, 8.29, 29.34, -2.03, 7.52, 31.96
1.462, -3.47, -1.95, 8.46, -6.70, -2.37, 40.98, -5.79, -0.45, 39.23
1.490, 0.21, -1.68, 1.21, 3.75, -1.83, 30.22, 1.89, -1.56, 31.97
1.517, -6.60, 8.92, -14.37, -4.93, 8.19, 11.61, -3.61, 6.30, 15.56
1.544, 3.45, -1.01, -0.51, -0.10, -1.81, 22.84, -0.78, -0.24, 21.43
1.572, 1.07, -13.12, 18.04, 2.27, -12.83, 41.13, 1.69, -10.44, 37.39
1.600, 1.15, -0.74, 0.71, 6.80, -0.32, 19.69, 5.82, -2.26, 23.08
1.628, -6.39, 7.06, -18.16, -1.49, 6.90, -2.01, -0.08, 5.14, 2.81
1.655, -0.41, 2.79, -4.71, -4.71, 2.35, 9.41, -3.83, 2.89, 8.15
1.683, -3.40, -5.02, 4.81, -1.83, -5.06, 16.99, -2.21, -3.54, 15.29
1.711, 6.95, -3.87, 15.57, 8.16, -3.67, 25.78, 6.17, -3.64, 23.77
1.738, -2.01, -4.31, 4.23, 0.98, -3.81, 12.39, 1.98, -3.78, 14.58
1.766, -4.02, 6.92, -11.56, -1.60, 6.98, -3.66, -0.92, 4.93, -0.19
1.794, -4.46, 0.94, -4.43, -3.67, 0.82, 0.87, -3.14, 1.61, 0.67
1.822, -0.76, -0.78, 2.94, 1.75, -0.75, 6.96, 0.81, -0.30, 5.76
1.850, -2.21, -1.44, -6.92, 0.43, -1.28, -2.57, 0.50, -1.10, -1.00
1.878, 4.24, -0.15, 14.77, 3.14, -0.11, 17.88, 2.64, -0.30, 14.31
1.906, -5.63, -1.23, -11.15, -5.07, -1.03, -9.67, -3.61, -0.89, -5.12
1.934, -1.57, 3.22, -21.60, 0.40, 3.18, -23.47, -0.37, 2.39, -19.92
1.961, 2.77, -3.28, 13.23, 0.89, -3.17, 11.11, 0.65, -2.10, 5.13
1.989, 2.08, 0.39, 20.54, 4.02, 0.50, 17.57, 3.37, -0.00, 15.17
2.016, -7.07, 4.01, -21.52, -6.39, 3.88, -24.98, -4.51, 3.14, -17.26
2.044, -4.89, 2.56, -22.34, -1.12, 2.32, -27.62, -1.78, 2.48, -25.61
2.071, -0.86, -3.77, 13.64, 0.58, -3.89, 7.80, 0.12, -2.65, 1.30
2.098, 4.61, -2.65, 7.69, 2.71, -2.58, 1.36, 2.20, -2.59, 1.35
2.125, -1.06, -3.94, 16.56, 1.75, -3.61, 9.90, 1.84, -3.41, 8.24
2.153, -0.90, 2.64, -14.33, 3.18, 2.83, -21.24, 2.92, 1.62, -15.52
2.180, -3.46, 7.69, -19.27, -5.63, 7.37, -26.70, -3.97, 6.25, -24.53
2.207, 2.07, -5.54, 15.05, 3.19, -5.56, 7.20, 1.79, -3.26, 1.03
2.234, -4.30, -3.07, -2.21, -2.51, -2.79, -10.18, -1.67, -2.88, -8.00
2.262, 0.03, 0.89, -3.42, 1.83, 1.03, -9.09, 1.16, 0.29, -8.89
2.290, -0.83, 0.51, 3.36, -4.79, 0.56, -4.36, -3.65, 0.51, -5.23
2.318, -1.49, -2.42, -5.31, -0.18, -2.17, -13.49, -0.85, -1.66, -11.90
2.345, -0.09, 3.35, -11.82, 3.77, 3.38, -20.27, 2.88, 2.41, -18.66
2.373, -4.31, 3.09, 1.43, -3.79, 2.97, -7.12, -2.51, 2.86, -9.33
2.401, 1.15, -2.58, 9.62, 2.93, -2.59, 0.83, 1.89, -1.54, -1.11
2.429, 0.72, -2.10, 1.82, -0.67, -1.99, -7.49, -0.18, -1.90, -6.27
2.456, -0.63, 3.39, -6.76, 1.27, 3.38, -16.53, 0.99, 2.37, -14.55
2.484, -0.81, 5.75, -3.23, -2.93, 5.35, -13.41, -2.18, 4.78, -13.63
2.511, 0.60, -0.87, 2.58, -0.17, -1.21, -8.34, -0.56, -0.05, -9.37
2.538, 1.64, -0.63, 9.38, 1.61, -0.86, -1.72, 1.19, -0.70, -3.20
2.565, -2.29, 3.73, -5.84, 1.12, 3.33, -16.91, 1.14, 2.54, -14.25
2.593, 2.15, -0.02, 8.11, 0.78, -0.48, -3.18, 0.85, 0.11, -5.33
2.620, 11.78, -5.43, 3.38, 11.21, -5.56, -8.42, 9.19, -4.46, -7.82
2.647, 147.20, -72.01, 249.39, 142.50, -69.44, -354.88, 116.78, -56.90, -287.92
2.675, -250.14, 28.41, -250.87, -229.48, 29.55, -244.88, -162.21, 12.76, -253.24
2.702, 250.13, 250.13, -250.87, 262.08, 240.74, -245.48, 179.69, 196.47, -246.99
2.729, 112.68, 235.96, -189.33, 480.41, 216.31, -184.57, 421.97, 212.46, -196.70
2.756, 96.95, 220.52, 47.89, 73.09, 191.73, 52.20, 140.72, 195.75, 3.95
2.784, 105.40, 140.85, 2.49, 83.05, 107.64, 6.40, 94.19, 124.66, 5.93
2.811, -5.76, 100.69, -51.62, -7.08, 63.49, -48.09, 12.42, 75.27, -37.69
2.839, 165.21, 235.97, 24.14, 149.11, 189.62, 27.05, 122.74, 167.56, 14.56
2.866, 94.44, 173.01, 16.03, 75.48, 121.11, 18.52, 84.58, 130.05, 17.76
2.894, 140.71, 246.56, 144.36, 125.36, 185.40, 146.23, 117.49, 174.71, 121.42
2.921, 160.84, 224.89, 60.89, 170.86, 156.55, 62.12, 160.52, 160.07, 73.61
2.949, 134.73, 238.41, 70.18, 138.07, 163.92, 72.26, 142.31, 163.20, 72.51
2.977, 154.80, 227.17, 82.25, 192.95, 144.70, 82.80, 183.19, 148.27, 80.82
3.005, 92.11, 181.64, 70.45, 151.22, 93.92, 70.65, 157.38, 104.39, 72.61
3.032, 120.91, 210.19, 101.63, 165.51, 116.89, -439.87, 163.94, 114.48, -341.20
3.060, 131.99, 114.53, 109.66, 192.64, 19.60, -416.73, 187.10, 37.92, -402.15
3.087, 134.47, 158.05, 84.99, 166.93, 59.60, -424.37, 170.82, 55.42, -420.09
3.114, 123.38, 231.69, 83.35, 212.49, 126.49, -413.57, 204.40, 112.70, -414.84
3.142, 40.66, 166.96, 46.24, 92.46, 58.74, -437.10, 114.26, 69.25, -432.76
3.169, 142.56, 180.53, 82.46, 165.67, 68.91, -383.45, 155.70, 68.97, -393.02
3.196, 106.60, 128.12, 82.17, 177.17, 15.95, -367.45, 173.02, 26.20, -372.39
3.224, 44.92, 134.76, 27.58, 111.00, 19.73, -410.28, 123.04, 20.98, -402.92
3.251, -3.73, 182.03, 55.89, 51.54, 64.20, -368.18, 65.41, 55.82, -374.92
3.278, 2.95, 130.41, 34.70, 47.81, 11.03, -375.93, 51.22, 19.71, -375.73
3.305, 20.08, 204.54, 42.54, 74.96, 80.34, -357.19, 70.34, 68.54, -360.80
3.333, -10.98, 133.08, -16.97, 34.54, 8.44, -403.77, 41.49, 20.11, -395.42
3.360, -24.79, 229.48, 24.93, 18.33, 98.76, -351.72, 22.85, 83.41, -360.25
3.387, -44.18, 156.53, -87.65, -15.66, 26.01, -448.39, -8.23, 37.09, -431.39
3.415, 83.61, 119.56, -14.78, 103.64, -12.58, -366.85, 81.93, -2.94, -379.38
3.442, 52.65, 207.22, 127.68, 109.38, 71.16, -214.34, 104.04, 56.75, -246.44
3.469, 42.31, 100.56, -20.86, 73.10, -34.54, -352.04, 79.11, -16.81, -331.53
3.496, -36.89, 199.25, -229.26, -6.81, 60.70, -550.38, 9.88, 45.65, -507.88
3.524, 11.94, 62.08, -54.10, 44.89, -74.86, -365.71, 38.09, -51.44, -393.34
3.551, -6.70, 69.18, 59.71, -4.15, -66.35, -242.53, 4.06, -63.45, -271.84
3.578, 2.34, 84.89, 39.64, 13.68, -49.53, -253.38, 11.81, -52.23, -256.96
3.605, -1.97, 52.44, 39.29, 8.43, -79.55, -244.41, 9.09, -74.25, -246.84
3.634, 6.84, 49.02, 56.43, 3.72, -77.65, -211.99, 4.73, -77.01, -218.56
3.661, 13.79, 23.88, 55.79, 14.79, -102.41, -210.25, 12.85, -97.50, -211.86
3.689, 11.04, -1.92, 18.57, 13.57, -123.82, -238.70, 13.43, -118.76, -233.53
3.716, 14.17, -22.82, -8.03, 41.52, -140.50, -257.99, 36.09, -136.30, -253.27
3.744, 3.43, -60.85, -53.12, 2.52, -172.38, -295.30, 8.99, -165.42, -287.19
3.771, 41.05, -86.07, -84.01, 44.97, -191.18, -319.08, 38.02, -186.21, -312.93
3.798, 61.89, -155.27, -71.09, 67.22, -251.50, -299.46, 61.57, -238.86, -302.07
3.826, 146.74, -239.13, -105.10, 149.14, -323.61, -326.26, 132.21, -307.23, -321.58
3.853, 17.10, -250.14, -98.14, 88.89, -322.85, -313.39, 97.32, -319.81, -314.98
3.881, -8.53, -250.14, -133.02, 22.92, -310.88, -339.66, 37.18, -312.59, -334.93
3.908, -39.08, -250.14, -203.94, 14.02, -299.43, 69.40, 18.45, -301.95, -8.02
3.936, -91.52, -250.14, -213.45, 3.64, -288.89, 54.35, 6.48, -291.39, 42.40
3.964, -103.71, -250.14, -17.17, 31.46, -280.60, 247.64, 26.64, -282.68, 208.06
3.991, -199.11, -250.14, -153.07, -187.35, -271.04, 106.13, -146.06, -273.28, 125.80
4.019, -215.42, -250.14, -246.32, -270.86, -261.01, 7.18, -246.78, -263.37, 30.07
4.046, -235.34, -250.14, -85.39, -293.15, -250.99, 162.53, -284.20, -253.38, 136.97
4.074, -221.47, -250.14, 26.67, -291.60, -241.32, 268.83, -290.17, -243.64, 243.41
4.101, -194.22, -250.14, 32.22, -252.61, -231.85, 269.03, -259.85, -234.12, 264.10
4.129, -166.00, -149.92, -39.82, -234.19, -126.25, 191.52, -239.13, -147.02, 205.50
4.156, -142.35, -147.75, 86.97, -206.08, -118.90, 312.92, -212.44, -124.31, 292.25
4.184, -134.42, -157.36, 65.93, -187.27, -122.60, 288.11, -192.13, -122.93, 288.91
4.211, -144.11, -127.78, 71.97, -185.85, -88.91, 289.08, -187.06, -95.47, 289.05
4.239, -66.15, -47.89, -87.21, -92.05, -7.30, 126.99, -110.49, -24.41, 158.44
4.266, -16.25, 47.62, 11.87, -53.66, 85.78, 221.28, -64.69, 64.39, 209.08
4.296, -56.36, -38.61, 17.87, -86.97, -6.35, 199.92, -82.99, 6.29, 201.56
4.324, 36.00, 37.06, 2.19, 4.42, 73.68, 199.22, -12.30, 60.79, 199.67
4.355, 55.88, 40.04, 15.98, 35.34, 67.50, 185.88, 27.02, 66.33, 188.29
4.383, 199.44, 192.02, -99.77, 164.07, 219.98, 90.68, 137.76, 190.48, 109.42
4.410, 199.97, 209.47, 3.39, 150.94, 229.68, 189.73, 148.41, 222.15, 174.30
4.438, 220.72, 185.77, 84.51, 177.44, 199.35, 266.54, 171.86, 203.73, 248.83
4.465, 250.13, 250.13, 29.48, 185.66, 254.78, 207.63, 183.01, 244.97, 215.55
4.493, 249.30, 250.13, 69.71, 207.17, 246.60, 245.57, 202.49, 246.29, 239.76
4.520, 250.13, 250.13, 75.35, 201.78, 238.35, 249.13, 201.92, 239.90, 247.30
4.547, 250.13, 250.13, 87.92, 239.37, 230.21, 256.31, 232.10, 232.09, 254.56
4.574, 250.13, 250.13, 34.42, 238.08, 222.33, 199.26, 236.91, 224.23, 210.01
4.602, 247.34, 250.13, -24.46, 241.47, 214.94, 136.47, 240.59, 216.74, 150.77
4.629, 193.23, 250.13, 38.36, 216.40, 207.99, 193.70, 221.06, 209.68, 185.43
4.657, 182.24, 250.13, 39.04, 201.85, 200.67, 190.61, 205.55, 202.40, 189.61
4.684, 175.11, 250.13, 56.82, 213.13, 193.38, 204.88, 211.67, 195.12, 201.94
4.712, 131.89, 250.13, 68.76, 163.19, 187.18, 212.07, 172.45, 188.69, 210.14
4.740, 131.35, 250.13, 47.60, 161.34, 180.62, 188.95, 163.48, 182.17, 193.02
4.767, 134.04, 250.13, 40.78, 168.85, 173.88, -277.28, 167.81, 175.49, -186.33
4.795, 100.51, 250.13, 73.52, 179.71, 167.75, -233.30, 177.43, 169.23, -224.31
4.822, 93.80, 250.13, 29.64, 164.78, 161.14, -273.32, 167.22, 162.70, -263.86
4.850, 50.11, 248.63, 17.85, 122.18, 153.43, -278.45, 130.89, 155.22, -275.63
4.877, 12.91, 183.49, -18.98, 83.50, 84.70, -308.14, 92.65, 98.32, -301.86
4.905, -73.97, -87.51, -250.87, -149.61, -181.94, -79.18, -102.79, -127.77, -122.22
4.932, -138.29, -27.27, -250.87, -173.67, -117.46, -81.65, -159.89, -119.47, -89.54
4.959, -134.66, -16.78, -250.87, -165.30, -103.84, -85.34, -164.25, -106.88, -86.16
4.986, -33.85, -33.01, -123.39, -75.84, -116.38, 37.93, -92.99, -114.54, 13.86
5.015, -20.35, -15.24, -39.71, -64.50, -93.34, 108.87, -69.77, -97.26, 91.31
5.052, -29.71, -22.23, 32.51, -52.36, -89.57, 146.70, -54.99, -90.73, 138.34
5.080, -42.66, -19.71, 71.44, -79.50, -93.39, 221.92, -74.81, -92.88, 205.92
5.108, -19.45, -52.91, 249.39, 141.44, -122.32, 396.85, 99.94, -116.67, 360.20
5.135, 34.77, 51.69, 26.90, 5.92, -18.42, 172.92, 24.17, -37.49, 209.27
5.164, 3.29, 62.73, 156.43, -10.53, -6.14, 293.87, -4.00, -12.04, 277.95
5.191, 11.71, -35.21, 7.07, -8.72, -101.79, 146.28, -7.81, -84.38, 171.82
5.218, -9.42, -49.43, 109.32, -5.44, -112.10, 245.27, -5.90, -106.72, 231.02
5.245, 15.14, -77.95, 51.19, -81.69, -135.93, 183.71, -67.01, -130.27, 192.87
5.273, 6.22, -88.65, 28.32, 2.20, -141.70, 158.15, -11.25, -139.48, 164.90
5.300, 4.14, -143.17, -14.95, -66.07, -189.59, 112.34, -55.37, -179.81, 122.60
5.327, 15.06, -165.70, -5.06, 17.14, -204.92, 117.34, 3.17, -200.09, 118.35
5.355, -3.29, -206.92, 2.17, -19.63, -237.47, 121.69, -15.24, -230.27, 121.05
5.382, 22.98, -250.14, -22.78, 32.97, -270.88, 93.84, 23.69, -263.06, 99.08
5.410, 6.29, -250.14, -33.07, 80.84, -261.32, 80.78, 69.83, -261.66, 84.30
5.438, -64.85, -250.14, -32.46, 49.00, -252.09, 78.60, 53.01, -253.93, 79.70
5.465, -159.36, -250.14, 12.07, 4.44, -243.21, 120.40, 13.79, -245.28, 112.57
5.493, -250.14, -250.14, -4.16, -46.84, -235.18, 101.42, -35.18, -237.12, 103.56
5.520, -250.14, -250.14, -65.65, -22.65, -226.78, 37.29, -25.06, -228.77, 50.02
5.548, -250.14, -250.14, -250.87, 4.19, -218.26, -149.75, -1.47, -220.30, -111.05
5.575, -250.14, -250.14, -194.16, -417.89, -210.33, -95.39, -337.07, -212.27, -98.43
5.602, -99.44, -250.14, -154.69, -234.23, -202.60, -58.58, -254.16, -204.48, -66.30
5.630, -62.66, -96.92, -65.90, -204.87, -46.76, 27.93, -214.44, -77.38, 9.64
5.657, -72.91, -114.34, -55.24, -210.05, -61.13, 35.94, -210.90, -64.27, 30.85
5.685, -55.55, -87.36, -32.57, -173.22, -34.68, 54.30, -180.32, -40.25, 49.88
5.713, -28.37, -24.53, 7.80, -143.88, 30.63, 94.04, -150.90, 16.98, 85.53
5.740, -29.11, -35.40, 3.69, -145.38, 20.21, 87.65, -146.44, 19.59, 87.24
5.772, -12.42, -15.85, -12.42, -104.65, 29.94, 63.37, -111.92, 28.14, 67.53
5.799, 0.16, 14.27, -0.28, -96.61, 69.01, 79.60, -99.57, 61.12, 77.27
5.827, -1.66, -1.49, 25.31, -100.38, 51.50, 102.46, -100.23, 53.34, 97.65
5.858, -8.59, -33.34, 44.03, -92.50, 12.36, 114.82, -93.85, 19.55, 111.81
5.885, -9.60, -35.42, 49.31, -96.75, 19.74, 122.91, -96.19, 19.70, 120.77
5.913, 8.86, 45.67, -10.43, -86.58, 98.24, 61.07, -88.44, 83.09, 72.58
5.940, -10.51, -14.67, 5.15, -102.75, 37.52, 74.61, -99.99, 46.30, 74.22
5.968, -3.40, 0.85, 25.35, -88.54, 52.35, 92.98, -90.75, 51.18, 89.36
5.995, -9.69, -18.82, 26.62, -95.49, 32.46, 92.33, -94.58, 36.08, 91.76
6.023, 0.03, 15.41, -3.78, -84.68, 65.76, 60.25, -86.60, 59.99, 66.37
6.050, -6.05, -6.75, -8.55, -82.06, 42.94, 53.63, -82.94, 46.25, 56.10
6.077, -5.05, 0.04, 5.28, -83.18, 48.90, 65.67, -83.13, 48.39, 63.81
6.104, -12.70, -30.88, 7.58, -86.41, 17.88, 66.10, -85.78, 23.79, 65.66
6.132, -5.21, -0.63, -0.54, -75.73, 47.44, 56.30, -77.68, 42.85, 58.11
6.159, -2.78, 0.81, 3.29, -74.75, 48.03, 58.45, -75.32, 47.03, 58.39
6.186, -3.59, -2.74, 7.51, -77.19, 43.81, 61.03, -76.82, 44.43, 60.51
6.214, -2.76, -10.05, 19.68, -68.80, 35.92, 71.55, -70.36, 37.57, 69.41
6.241, 1.09, 6.64, 14.34, -64.19, 51.53, 64.61, -65.38, 48.82, 65.54
6.268, 14.22, 45.19, 17.90, -52.37, 87.70, 66.63, -54.89, 80.17, 66.41
6.296, 16.50, 71.11, 45.01, -46.26, 110.56, 92.24, -47.94, 104.66, 87.22
6.323, 71.31, 194.23, 56.47, 3.16, 226.29, 102.20, -6.76, 202.69, 99.29
6.350, 110.75, 238.66, 78.22, 44.40, 262.14, 122.47, 34.49, 250.63, 117.98
6.379, 152.92, 250.13, 95.27, 87.22, 263.07, 137.83, 77.37, 260.75, 134.13
6.408, 210.14, 250.13, 38.42, 112.52, 253.94, 79.49, 106.09, 255.19, 89.48
6.436, 160.17, 250.13, 87.36, 53.87, 246.30, 127.26, 63.88, 248.00, 120.02
6.464, 125.70, 250.13, 97.99, 357.30, 237.62, 136.54, 301.13, 239.61, 133.38
6.491, 69.81, 250.13, 191.19, 373.25, 229.56, 228.44, 359.41, 231.49, 210.20
6.518, 106.30, 250.13, 139.35, 214.38, 221.34, -275.44, 242.60, 223.32, -180.96
6.546, 91.85, 250.13, 136.74, 362.90, 214.94, -263.71, 339.74, 216.55, -247.78
6.574, 98.72, 250.13, 129.37, 103.97, 209.75, -263.75, 149.43, 211.06, -260.67
6.601, 38.63, 250.13, 114.06, 271.17, 202.26, -270.21, 247.73, 203.95, -268.37
6.629, 31.89, 250.13, 132.47, 1.83, 194.82, -244.22, 49.21, 196.58, -248.87
6.656, 54.45, 250.13, 125.05, 145.07, 187.75, -242.88, 126.63, 189.44, -244.04
6.684, 31.85, 250.13, 141.38, 163.62, 180.82, -219.66, 156.49, 182.48, -224.36
6.711, 29.72, 250.13, 99.58, 212.73, 173.87, -254.18, 201.89, 175.53, -248.43
6.739, 22.40, 201.22, 81.53, 199.11, 119.87, -264.64, 199.65, 130.60, -261.51
6.769, -5.11, 127.62, 43.15, 110.35, 49.74, -265.05, 126.22, 64.11, -264.42
6.797, -4.51, 76.33, 17.04, 242.91, -8.18, -312.96, 220.55, 5.68, -303.65
6.825, -11.66, 59.53, 19.06, 108.23, -24.98, -303.66, 129.75, -19.11, -303.66
6.852, -19.21, 25.35, -6.78, 144.80, -57.80, -321.90, 141.92, -50.40, -318.41
6.880, -27.32, -31.52, -30.19, 182.49, -111.67, -338.61, 174.72, -99.94, -334.74
6.908, -37.98, -109.39, -51.87, 138.58, -184.01, -353.98, 145.51, -167.88, -350.28
6.935, -40.45, -198.49, -100.32, 180.67, -264.74, -396.33, 173.91, -246.11, -387.48
6.963, -36.01, -250.14, -116.09, 176.23, -305.41, -401.01, 175.79, -294.17, -398.44
6.992, -67.56, -250.14, -133.13, 128.97, -295.62, -412.34, 137.87, -295.34, -409.70
7.019, -98.16, -250.14, -246.65, 106.78, -286.00, -519.82, 112.69, -287.78, -498.87
7.048, -52.32, -250.14, -250.87, 54.99, -276.58, -515.82, 65.89, -278.70, -512.62
7.078, -52.77, -250.14, -208.46, -194.48, -269.59, -43.51, -147.51, -271.24, -128.13
7.105, -11.39, -250.14, 88.70, -96.07, -258.88, -178.22, -105.95, -261.26, -168.60
7.133, -0.44, -250.14, -17.97, -54.92, -251.09, -274.31, -64.56, -253.01, -254.34
7.161, 7.58, -250.14, -136.67, -55.52, -241.80, 52.65, -57.24, -243.94, -5.91
7.189, -13.71, -250.14, -140.53, -81.65, -232.73, 48.87, -76.94, -234.90, 38.29
7.219, 110.84, -238.34, -122.15, 46.12, -216.68, 41.32, 24.33, -219.91, 40.78
7.247, 212.66, 15.37, -112.17, 154.35, 40.59, 70.44, 129.30, -9.60, 64.73
7.274, 229.40, 45.73, -107.32, 169.43, 69.33, 72.31, 161.68, 54.10, 70.85
7.302, 169.66, -101.45, 19.82, 192.90, -74.52, 196.15, 186.87, -49.67, 171.94
7.329, 168.44, -162.99, 75.64, 198.71, -130.58, 248.34, 196.43, -114.96, 233.59
7.357, 121.79, -58.11, -30.24, 145.89, -24.25, 138.93, 155.64, -41.75, 157.20
7.384, 24.24, 36.71, -49.55, 45.48, 68.65, 116.20, 66.73, 47.36, 124.11
7.411, -9.90, -3.20, 11.22, 9.48, 28.76, 175.18, 20.59, 32.37, 165.27
7.439, -14.60, -4.93, 27.35, -4.15, 26.72, 188.32, 0.67, 27.82, 183.83
7.466, -21.59, 0.08, 24.66, -27.97, 31.02, 182.36, -22.40, 30.40, 182.65
7.493, -24.27, 16.90, 13.90, -31.18, 46.80, 168.14, -29.47, 43.62, 170.96
7.520, -34.62, 10.73, 2.90, -37.81, 39.75, 153.56, -36.20, 40.50, 156.94
7.548, -39.09, 50.68, -11.48, -33.46, 77.66, 136.54, -34.00, 70.44, 140.51
7.575, -53.42, 97.37, -5.58, -52.48, 120.41, 139.41, -48.89, 110.69, 139.62
7.602, -86.35, 139.07, 17.29, -63.42, 157.20, 159.13, -60.60, 148.16, 155.34
7.629, -125.44, 139.96, 26.48, -114.45, 153.00, 165.19, -104.00, 152.06, 163.27
7.657, -135.91, 181.32, -21.20, -113.07, 187.98, 112.90, -111.32, 181.07, 122.59
7.685, -215.67, 141.61, -4.62, -176.36, 143.68, 126.61, -163.86, 150.86, 125.84
7.713, -250.14, 97.78, 6.09, -207.32, 96.46, 133.31, -199.04, 106.82, 131.88
7.743, -250.14, 96.41, 22.54, -172.30, 91.42, 138.33, -177.09, 94.18, 137.17
7.770, -250.14, 20.39, -136.07, -305.52, 16.18, -12.07, -280.76, 31.21, 16.70
7.798, -250.14, -48.72, -171.35, -361.88, -51.68, -50.75, -346.32, -35.78, -37.81
7.825, -250.14, -103.36, -219.50, -368.45, -102.81, -101.36, -364.20, -89.94, -89.16
7.853, -250.14, -110.44, -250.87, -351.63, -105.99, -135.56, -354.04, -102.91, -126.66
7.881, -232.43, -127.24, -250.87, -326.31, -118.51, -138.04, -331.63, -115.51, -135.86
7.910, -163.82, -106.31, -233.04, -224.18, -95.02, -127.58, -243.95, -98.79, -129.10
7.938, -100.11, -7.78, -28.35, -171.79, 4.71, 79.98, -185.66, -15.19, 39.78
7.965, -36.69, -32.24, -49.53, -95.50, -18.72, 56.12, -112.80, -18.04, 52.98
7.993, -13.42, 25.76, -0.72, -64.47, 38.12, 102.45, -73.74, 27.35, 92.96
8.021, -27.11, -61.88, -30.81, -80.13, -47.46, 70.09, -78.90, -33.10, 74.48
8.048, 25.44, 2.08, -4.21, -40.26, 16.06, 94.23, -47.67, 6.63, 90.44
8.076, 51.72, 46.69, 15.10, -9.33, 58.90, 111.98, -16.73, 48.80, 107.82
8.103, 27.05, 5.34, -10.41, -46.56, 17.20, 84.20, -40.80, 23.31, 88.77
8.131, 49.90, 50.44, -16.40, -9.90, 60.47, 76.24, -15.89, 53.27, 78.67
8.158, 23.53, 21.44, -13.79, -22.55, 30.54, 76.29, -21.26, 34.93, 76.75
8.185, 9.67, -3.76, 4.51, -46.96, 5.46, 92.38, -42.00, 11.16, 89.36
8.213, 46.15, 28.44, 66.80, -7.45, 36.56, 152.46, -14.12, 31.66, 140.28
8.240, 33.14, 15.93, 56.56, -17.20, 23.51, 140.01, -16.60, 25.08, 140.06
8.268, 38.82, 1.36, 48.76, -13.13, 9.14, 131.13, -13.81, 12.25, 132.87
8.295, 66.10, -3.63, 97.40, 15.85, 3.94, 176.73, 10.13, 5.54, 168.28
8.323, 161.06, 49.48, 119.38, 93.46, 55.41, 196.78, 77.39, 45.79, 191.28
8.350, 250.13, 83.87, 138.16, 171.21, 87.04, 213.99, 153.00, 79.03, 209.59
8.377, 250.13, 107.56, 169.32, 166.23, 107.14, 243.29, 163.66, 101.67, 236.74
8.408, 250.13, 101.12, 149.03, 172.59, 96.85, 215.50, 171.03, 97.69, 219.21
8.437, 250.13, 84.83, 140.52, 165.71, 77.79, 208.67, 166.71, 81.50, 210.64
8.465, 250.13, 45.15, 92.39, 247.00, 36.36, 159.86, 231.68, 44.97, 169.55
8.492, 250.13, -18.03, 39.66, 272.84, -24.96, 105.48, 264.96, -11.57, 117.75
8.520, 250.13, -43.97, -26.28, 272.01, -49.87, 37.75, 270.66, -42.55, 53.05
8.548, 250.13, -46.00, -42.19, 222.68, -50.11, 20.23, 231.88, -48.66, 26.52
8.576, 250.13, -116.71, -41.13, 349.50, -116.61, 19.46, 327.01, -103.62, 20.81
8.603, 250.13, -164.50, -0.20, 366.54, -158.21, 58.96, 358.94, -147.71, 51.62
8.631, 250.13, -250.14, 25.22, 325.66, -235.09, 82.81, 332.08, -218.24, 76.79
8.658, 239.77, -250.14, 24.41, 291.66, -227.31, 80.38, 299.46, -225.56, 79.69
8.686, 40.56, -81.85, 45.94, 97.93, -57.31, 100.29, 136.77, -89.73, 96.32
8.713, 34.31, -58.55, 79.74, 85.87, -32.18, 132.55, 95.69, -43.28, 125.56
8.741, -38.61, -50.91, 40.55, 3.53, -23.58, 91.77, 21.26, -27.37, 98.27
8.769, -53.58, 22.17, 28.80, -15.48, 47.77, 78.33, -8.47, 33.43, 82.14
8.796, -49.38, 25.85, 33.18, 8.24, 50.00, 81.34, 5.04, 46.83, 81.49
8.824, -39.01, 30.28, 29.69, -1.12, 53.25, 76.41, 0.06, 52.02, 77.38
8.852, -71.89, 35.38, 15.45, -38.63, 56.83, 60.80, -31.20, 55.91, 63.98
8.880, -91.75, 98.94, -4.74, -53.32, 116.50, 39.20, -49.08, 104.91, 43.94
8.909, -105.81, 129.92, 15.10, -68.73, 141.92, 57.26, -65.09, 135.06, 54.79
8.936, -126.21, 163.66, 5.61, -90.43, 170.81, 47.01, -85.51, 163.87, 48.52
8.963, -127.01, 191.99, 4.94, -90.00, 192.37, 45.04, -89.13, 186.83, 45.72
8.990, -126.27, 171.04, 3.90, -98.04, 166.06, 42.71, -96.30, 170.09, 43.30
9.018, -185.70, 150.76, -1.51, -143.83, 141.14, 36.07, -134.58, 146.78, 37.48
9.045, -250.14, 71.95, 68.54, -195.66, 60.88, 104.88, -183.80, 77.56, 91.79
9.072, -250.14, -106.69, 62.90, -224.21, -112.82, 98.05, -216.35, -75.81, 96.83
9.099, -250.14, -250.14, 21.47, -194.94, -247.23, 55.44, -199.09, -214.00, 63.46
9.128, -250.14, -250.14, -136.87, -44.60, -240.05, -104.06, -73.80, -235.13, -72.40
9.155, -250.14, -250.14, -156.55, -419.13, -232.41, -124.87, -352.85, -232.93, -114.80
9.183, -250.14, -250.14, -70.43, -389.14, -224.67, -39.85, -382.18, -226.25, -54.23
9.210, -88.29, -200.73, -25.77, -204.17, -168.58, 3.70, -238.78, -179.79, -7.56
9.238, -59.36, -48.82, 24.61, -174.87, -16.49, 53.07, -187.14, -47.86, 41.43
9.265, -36.88, -20.20, 13.90, -155.62, 12.07, 41.34, -161.67, 0.57, 41.36
9.293, -46.36, -80.98, 11.97, -153.65, -46.52, 38.40, -155.19, -37.46, 38.97
9.321, -11.47, -14.40, 19.91, -110.76, 19.84, 45.35, -119.32, 8.81, 44.12
9.348, 10.58, 22.02, 34.21, -96.45, 54.94, 58.66, -100.87, 46.02, 55.85
9.375, -0.13, 9.05, 25.26, -101.08, 40.94, 48.78, -101.04, 41.92, 50.15
9.403, 43.40, 67.06, 28.74, -59.97, 95.98, 51.35, -67.90, 85.55, 51.12
9.430, 66.24, 94.70, 86.80, -38.61, 119.70, 108.53, -44.26, 113.11, 97.45
9.458, 93.70, 175.50, 114.17, -16.10, 194.21, 134.92, -21.58, 178.43, 127.63
9.485, 130.56, 250.13, -11.13, 22.20, 259.80, 8.91, 13.77, 244.14, 31.76
9.513, 159.45, 250.13, 106.45, 23.63, 250.90, 125.65, 21.73, 249.60, 107.58
9.541, 90.15, 250.13, 106.10, 364.07, 242.22, 124.65, 298.84, 243.63, 121.39
9.568, 79.24, 250.13, 121.46, -19.28, 233.92, 139.03, 41.99, 235.79, 135.64
9.596, 22.60, 250.13, 145.60, -19.94, 225.65, -275.64, -8.13, 227.58, -197.23
9.624, 60.90, 250.13, 142.78, -10.92, 217.94, -276.14, -10.38, 219.80, -260.92
9.651, 72.10, 250.13, 145.54, 17.34, 210.01, -259.65, 12.05, 211.88, -259.89
9.679, 107.24, 250.13, 242.22, -34.00, 202.13, -159.18, -25.13, 204.01, -178.57
9.707, 178.74, 250.13, 249.39, 396.52, 196.43, -139.10, 316.09, 197.88, -146.63
9.734, 122.99, 250.13, 249.39, 321.68, 189.91, -135.86, 320.60, 191.45, -137.93
9.762, 111.24, 250.13, 249.39, 310.02, 183.56, -122.46, 312.04, 185.06, -125.41
9.790, 30.41, 250.13, 126.40, 186.89, 175.79, -243.02, 211.02, 177.58, -220.34
9.818, 19.63, 210.51, 97.80, 150.32, 132.68, -253.43, 161.74, 141.12, -247.21
9.846, -25.69, 93.18, 69.78, 100.49, 11.46, -285.07, 112.33, 36.52, -277.75
9.873, -8.51, 17.39, -6.68, 210.73, -62.95, -353.33, 191.73, -43.74, -338.74
9.901, 3.44, -3.95, -38.73, 29.07, -82.39, -377.57, 60.47, -74.93, -370.07
9.928, -4.80, -23.15, -31.80, 35.99, -99.64, -364.98, 40.74, -94.85, -365.97
9.955, -16.27, -25.20, -15.21, 10.49, -98.90, -340.20, 16.35, -98.11, -345.19
9.983, -9.94, -21.18, -15.10, -32.67, -92.22, -331.75, -23.20, -93.36, -334.35
10.010, -3.82, -0.56, -10.36, 1.49, -70.08, -319.95, -3.29, -74.58, -322.73
10.038, -0.71, -4.60, 2.04, 10.66, -72.15, -299.61, 7.97, -72.62, -304.07
10.067, -4.51, -7.08, -3.46, 3.75, -69.40, -282.64, 4.52, -69.99, -286.55
10.094, -2.43, -2.09, -3.44, 15.07, -66.89, -293.73, 13.02, -67.49, -292.33
10.122, -12.97, -10.88, -8.28, 6.13, -73.84, -292.02, 7.47, -72.60, -292.08
10.149, -30.33, -46.13, -20.83, -12.91, -105.74, -297.19, -8.96, -99.31, -296.20
10.176, -24.83, -59.69, -37.42, -37.98, -116.01, -308.09, -32.33, -112.75, -305.77
10.203, -26.24, -81.52, -38.22, -32.99, -133.80, -302.58, -32.86, -129.70, -303.21
10.230, -30.67, -88.56, -46.38, -51.60, -136.42, -304.21, -47.94, -135.11, -304.02
10.257, -37.27, -135.26, -69.09, -59.07, -177.27, -320.46, -56.90, -169.05, -317.25
10.285, -60.84, -230.36, -121.00, -49.04, -263.05, -363.52, -50.55, -244.93, -354.60
10.312, -85.13, -250.14, -196.97, -176.29, -273.60, -434.52, -151.93, -268.05, -419.04
10.339, -69.65, -250.14, -209.62, -168.55, -264.59, -441.39, -165.33, -265.26, -437.05
10.367, -16.62, -250.14, -136.16, -33.69, -256.39, -362.12, -59.23, -258.11, -376.66
10.394, -22.73, -250.14, -157.21, -21.92, -247.56, -377.23, -29.16, -249.60, -377.12
10.421, -92.21, -250.14, -135.85, -95.43, -239.51, -350.34, -82.57, -241.47, -355.54
10.449, -56.28, -250.14, -124.20, -123.63, -232.00, -332.96, -115.67, -233.83, -337.34
10.476, -52.81, -250.14, -146.46, -180.53, -224.16, -349.94, -167.93, -226.04, -347.50
10.505, 9.01, -250.14, -110.12, -85.19, -217.98, -302.76, -100.62, -219.48, -311.10
10.532, -22.85, -250.14, -139.73, -101.45, -208.74, 108.84, -101.29, -210.80, 28.45
10.560, 181.21, -250.14, -100.07, 96.92, -200.99, 144.86, 58.94, -202.87, 122.56
10.588, 94.54, -250.14, -143.06, 154.04, -193.31, 98.50, 135.79, -195.14, 103.11
10.616, 52.11, -106.50, -138.02, 34.46, -47.63, 98.04, 53.83, -75.83, 99.01
10.643, 57.08, -50.26, -56.41, 67.83, 9.71, 177.20, 65.14, -6.71, 162.19
10.671, 32.75, -94.26, -41.41, 47.28, -32.00, 189.80, 50.73, -27.12, 184.47
10.698, 42.15, -3.34, -4.82, 16.04, 58.35, 224.76, 22.77, 41.76, 216.94
10.725, 33.38, 33.31, -2.11, 65.70, 92.73, 223.26, 57.36, 82.84, 222.03
10.753, 20.73, 38.60, -15.94, 44.85, 95.77, 205.90, 47.29, 93.26, 209.04
10.780, -1.43, 84.21, -1.46, 26.16, 136.32, 211.48, 30.20, 128.07, 211.01
10.808, -26.08, 81.81, -9.19, 9.51, 130.11, 199.63, 13.47, 129.72, 201.81
10.836, -50.93, 107.80, -10.60, -28.60, 151.73, 196.01, -20.51, 147.50, 197.12
10.863, -39.51, 150.68, 24.51, 0.75, 188.63, 226.97, -3.33, 180.73, 221.24
10.891, -82.50, 168.83, 31.38, -52.08, 200.26, 230.05, -42.72, 196.51, 228.36
10.918, -88.73, 183.11, 70.65, -49.91, 207.93, 266.69, -48.52, 205.73, 259.30
10.946, -159.91, 127.73, 91.33, -107.16, 147.99, 284.08, -95.84, 159.13, 279.30
10.973, -183.15, 144.66, 81.94, -162.65, 159.45, 271.22, -149.74, 159.39, 272.78
11.001, -246.42, 122.79, 55.17, -205.91, 133.47, 239.79, -195.10, 138.46, 246.14
11.028, -250.14, 125.38, 5.03, -226.87, 131.46, 186.55, -220.74, 132.81, 198.04
11.056, -250.14, 131.27, -53.43, -240.79, 133.03, 124.66, -236.92, 132.99, 138.82
11.083, -250.14, 57.02, -38.14, -300.52, 56.80, 136.64, -288.24, 71.51, 137.06
11.111, -250.14, 39.31, -120.87, -274.15, 38.24, 50.18, -276.87, 44.66, 66.94
11.138, -250.14, -39.67, -246.84, -297.85, -39.27, -79.06, -293.80, -23.07, -50.88
11.166, -250.14, -78.20, -250.87, -300.98, -75.70, -88.92, -299.61, -65.66, -81.67
11.195, -250.14, -59.12, -250.87, -274.91, -54.74, -94.95, -279.55, -56.79, -92.45
11.222, -132.63, -51.40, -154.52, -168.54, -45.19, 2.32, -189.85, -47.41, -15.87
11.250, -16.98, 15.99, 29.74, -46.98, 21.42, 183.41, -74.41, 8.21, 145.15
11.278, -35.20, -33.25, -39.66, -33.79, -26.72, 110.69, -41.58, -20.02, 117.30
11.305, -11.66, 25.31, 21.43, -16.58, 30.62, 168.65, -21.38, 20.91, 158.80
11.333, -3.98, 15.88, 21.65, -24.60, 20.59, 165.64, -23.98, 20.65, 164.32
11.361, 13.10, -5.13, -3.01, -8.33, -0.25, 138.60, -11.34, 3.77, 143.55
11.388, 39.72, 16.20, 45.63, 19.50, 20.38, 185.02, 13.53, 17.16, 176.99
11.415, 52.85, 1.84, 47.58, 35.18, 6.03, 185.15, 30.96, 8.20, 183.56
11.442, 118.63, 59.77, 109.82, 88.20, 61.75, 242.93, 77.13, 51.40, 231.45
11.470, 148.15, 32.92, 87.97, 113.37, 33.92, 218.90, 106.33, 37.32, 221.34
11.497, 216.02, 70.66, 131.13, 175.63, 69.23, 258.91, 162.18, 63.03, 251.62
11.524, 250.13, 104.18, 145.45, 226.46, 99.28, 270.19, 213.99, 92.25, 266.59
11.552, 250.13, 58.75, 150.73, 253.13, 51.86, 272.85, 245.52, 59.71, 271.63
11.579, 250.13, 35.23, 87.74, 229.89, 27.43, 207.05, 232.93, 33.71, 219.61
11.606, 250.13, 85.00, 96.75, 211.63, 74.61, 213.45, 215.78, 66.64, 214.64
11.633, 250.13, 24.85, 82.80, 191.42, 14.07, 196.64, 196.16, 24.30, 200.14
11.660, 250.13, 12.63, 123.38, 186.33, 1.51, 234.15, 188.23, 5.92, 227.56
11.688, 250.13, 26.68, 96.35, 160.16, 14.70, 204.86, 165.62, 12.99, 209.27
11.715, 250.13, 11.71, 71.72, 176.29, -0.60, 177.67, 174.22, 2.04, 183.82
11.742, 250.13, 40.92, 42.38, 389.92, 28.27, 145.51, 348.06, 23.18, 152.94
11.770, 250.13, -21.62, 27.33, 350.85, -32.82, 127.42, 350.31, -22.02, 132.35
11.797, 215.51, -87.66, 33.03, 294.46, -95.65, 130.75, 305.25, -81.43, 131.06
11.825, 120.13, -92.66, -5.25, 185.48, -97.64, 89.21, 208.35, -94.54, 97.20
11.853, 38.60, -41.95, 20.84, 101.78, -45.44, 112.09, 121.90, -54.71, 109.28
11.881, -47.19, -70.04, 17.55, 8.66, -71.02, -326.69, 30.10, -67.93, -244.16
11.909, -71.13, -68.65, 23.44, -30.64, -67.57, -320.53, -18.98, -67.64, -305.87
11.937, -25.54, -37.38, 25.54, -12.11, -35.09, -311.67, -13.43, -41.34, -310.55
11.964, -20.59, -8.15, 24.42, -3.74, -5.58, -311.26, -5.62, -12.54, -311.12
11.992, 10.50, 17.26, 18.41, 24.62, 19.11, -304.71, 18.82, 13.04, -305.94
12.019, 16.34, 7.14, 8.06, 41.44, 9.07, -308.97, 37.09, 9.83, -308.39
12.047, -13.19, -23.46, 18.83, 8.38, -20.84, -291.48, 13.89, -14.95, -294.72
12.075, 4.55, -11.88, 16.28, 20.43, -9.02, -286.28, 19.18, -10.16, -287.90
12.102, 13.30, 0.33, 11.51, 36.99, 3.29, -286.96, 33.56, 0.70, -287.14
12.130, -0.21, -20.80, -0.69, 31.07, -17.13, -293.45, 31.55, -13.69, -292.23
12.157, -21.48, -19.83, -7.57, 10.77, -15.58, -293.75, 14.78, -15.21, -293.45
12.185, -52.50, -33.73, -7.57, -16.31, -28.47, -283.43, -10.39, -25.94, -285.34
12.213, -128.07, -7.33, 7.81, -81.17, -2.09, -262.34, -67.69, -6.63, -266.72
12.241, -28.09, -18.88, 2.52, -1.30, -13.05, -261.48, -13.93, -11.83, -262.48
12.269, -154.21, 15.55, 58.02, -83.09, 20.94, -203.14, -69.80, 14.64, -214.55
12.296, -205.31, 86.53, 91.29, -140.92, 88.54, -164.41, -127.23, 74.32, -174.06
12.324, -212.43, 115.82, 63.96, -171.83, 113.74, -185.21, -163.26, 106.17, -183.07
12.351, -245.12, 164.45, 27.76, -200.21, 156.61, -215.45, -193.12, 146.94, -209.24
12.379, -223.75, 179.78, 21.09, -199.65, 166.46, -216.80, -198.40, 162.71, -215.35
12.407, -250.14, 204.10, 41.04, -151.34, 184.22, -191.38, -160.38, 180.09, -195.99
12.434, -250.14, 143.74, -44.84, -144.64, 120.58, -271.80, -147.66, 132.01, -257.24
12.462, -250.14, 61.85, -120.48, -376.54, 36.73, -341.97, -332.62, 55.02, -325.71
12.490, -250.14, -61.26, -223.36, -356.09, -83.38, -439.35, -351.59, -56.85, -417.56
12.517, -250.14, -107.66, -250.87, -312.78, -126.45, -20.25, -320.22, -113.11, -96.42
12.546, -250.14, -154.57, -250.87, -323.31, -167.11, -35.97, -322.73, -157.13, -47.15
12.575, -232.04, -105.09, -250.87, -292.69, -114.14, -35.02, -298.32, -122.20, -37.29
12.603, -74.74, -29.79, -53.84, -121.06, -37.77, 161.09, -154.60, -53.75, 123.55
12.631, 70.18, 64.50, 73.35, 26.11, 54.53, 284.92, -8.14, 34.01, 254.33
12.659, 7.45, -17.37, 36.40, -32.60, -26.56, 243.76, -27.97, -15.10, 245.76
12.687, -25.29, -33.98, 27.08, -45.77, -41.86, 234.08, -42.36, -36.73, 236.32
12.715, 5.57, 3.73, 56.05, -31.09, -4.10, 259.19, -33.25, -10.36, 254.80
12.744, -15.04, -26.00, 23.56, -41.62, -32.46, 210.77, -40.09, -28.41, 218.83
12.774, 11.54, 13.29, 39.51, -21.34, 6.54, 218.81, -24.70, 0.27, 218.81
12.802, -11.80, -33.39, 15.42, -43.65, -38.79, 205.02, -40.06, -31.38, 207.64
12.830, 19.43, 10.03, 29.11, -4.83, 4.26, 216.61, -11.55, -2.54, 214.89
12.857, 46.79, 17.11, 121.67, 33.75, 10.99, 307.93, 25.01, 8.38, 289.97
12.885, 11.60, -78.75, -56.89, -50.10, -82.07, 125.46, -35.60, -64.60, 157.23
12.913, 67.36, 16.98, -21.77, 28.08, 13.28, 154.70, 15.89, -1.63, 155.18
12.940, 153.31, 29.30, 14.50, 115.52, 24.65, 187.64, 96.42, 19.61, 181.42
12.968, 86.56, -20.32, -6.42, 22.27, -24.38, 165.91, 36.68, -15.83, 168.92
12.995, 92.39, 28.63, 28.35, 36.65, 24.01, 194.61, 36.66, 16.36, 189.67
13.023, 141.14, 56.24, 54.35, 86.42, 49.77, 219.27, 76.75, 43.27, 213.51
13.050, 250.13, 157.31, 168.17, 197.39, 145.65, 327.22, 174.21, 125.98, 305.37
13.077, 250.13, 250.13, 249.39, 171.21, 229.97, -43.23, 171.79, 209.79, 24.40
13.105, 250.13, 250.13, 249.39, 136.61, 222.20, -33.30, 143.37, 219.81, -22.22
13.133, 250.13, 250.13, 249.39, 539.21, 214.38, -28.34, 462.95, 215.43, -27.16
13.160, 250.13, 250.13, 249.39, 467.10, 206.75, -26.20, 466.29, 208.44, -26.39
13.187, 250.13, 250.13, 249.39, 456.97, 200.07, -19.23, 458.78, 201.70, -20.62
13.214, 250.13, 250.13, 249.39, 460.72, 193.69, -12.15, 460.35, 195.24, -13.79
13.243, 242.32, 250.13, 249.39, 401.52, 189.30, 6.38, 412.41, 190.40, 2.64
13.271, 89.03, 205.40, 120.78, 215.27, 136.07, -129.52, 253.48, 146.60, -103.91
13.298, 28.24, 76.96, 11.63, 179.88, 6.96, -232.39, 194.11, 33.96, -207.55
13.325, 57.89, 76.37, -9.12, 191.59, 5.53, -247.32, 192.08, 11.03, -239.63
13.353, 1.38, 24.88, 7.00, 90.49, -45.33, -225.64, 110.11, -34.45, -228.34
13.380, -23.44, -21.41, -25.75, 88.19, -89.00, -252.83, 92.42, -78.47, -248.11
13.408, -16.98, -48.01, -48.32, 89.07, -112.80, -271.46, 89.72, -106.14, -266.93
13.435, -24.46, -47.01, -37.08, 60.01, -108.84, -255.10, 65.78, -108.32, -257.40
13.463, -31.98, -51.94, -28.96, 55.30, -109.63, -239.14, 57.31, -109.38, -242.64
13.490, -17.47, -41.15, -14.68, 55.92, -95.97, -219.49, 56.19, -98.54, -223.92
13.518, -21.81, -50.31, -22.42, 44.66, -102.19, -222.80, 46.87, -101.49, -223.01
13.545, -31.31, -63.18, -16.48, 36.68, -112.27, -214.38, 38.66, -110.18, -216.06
13.573, -40.82, -84.47, -37.17, 12.55, -128.80, -227.95, 17.55, -125.23, -225.67
13.601, -30.63, -70.79, -25.79, 4.39, -111.92, -212.55, 6.92, -114.48, -215.07
13.628, -47.98, -87.21, -24.60, -8.64, -124.58, -208.44, -5.62, -122.62, -209.73
13.655, -49.22, -101.42, -32.97, -13.25, -134.21, -211.99, -11.77, -131.96, -211.55
13.683, -48.85, -107.83, -27.40, -22.97, -135.90, -200.15, -20.82, -135.14, -202.33
13.710, -51.35, -112.73, -35.03, -17.15, -136.48, -205.99, -17.87, -136.22, -205.28
13.738, -68.15, -153.32, -47.75, -21.40, -170.97, -211.91, -20.72, -164.30, -210.64
13.765, -88.38, -206.79, -48.05, -24.04, -216.77, -207.57, -23.40, -206.75, -208.16
13.793, -117.13, -250.14, -96.71, -33.02, -251.09, -252.63, -31.18, -242.58, -244.10
13.821, -117.67, -250.14, -134.77, -3.59, -242.45, -286.52, -8.88, -242.48, -278.39
13.849, -241.45, -250.14, -98.38, -110.66, -234.57, -246.10, -91.16, -236.08, -252.28
13.876, -250.14, -250.14, -159.04, -95.39, -226.37, -302.95, -94.58, -228.24, -293.23
13.904, -250.14, -250.14, -202.73, -63.37, -218.98, -342.65, -69.34, -220.75, -333.19
13.933, -250.14, -250.14, -250.87, -31.78, -213.40, -383.87, -38.71, -214.76, -374.52
13.960, -250.14, -250.14, -249.81, -418.23, -202.78, -383.10, -344.82, -205.10, -381.44
13.988, -83.71, -89.27, -133.31, -209.04, -39.71, 183.53, -235.29, -71.68, 74.31
14.015, 60.35, 135.19, -10.13, -95.30, 178.90, 300.12, -122.33, 130.53, 256.52
14.043, -66.21, -119.44, -42.10, -229.44, -72.11, 263.33, -208.71, -32.89, 262.02
14.070, -76.03, -199.47, -15.79, -196.22, -146.58, 283.31, -198.63, -124.60, 279.20
14.097, 36.50, 104.71, 103.32, -109.23, 152.94, 398.27, -126.58, 99.07, 375.16
14.125, 64.37, 57.57, 22.35, -54.25, 103.27, 311.72, -68.30, 102.45, 324.04
14.152, -30.99, -45.05, -3.72, -125.58, 1.26, 279.75, -114.46, 20.91, 288.34
14.179, 6.36, 11.63, 15.70, -84.42, 56.66, 293.95, -90.26, 49.71, 292.86
14.206, -14.08, -10.86, 5.25, -101.89, 33.56, 277.59, -99.63, 36.69, 280.55
14.234, -23.46, -18.22, -2.59, -114.86, 25.99, 264.28, -111.90, 28.07, 267.44
14.261, -28.46, -31.37, -0.60, -121.02, 12.99, 260.58, -119.25, 15.92, 261.91
14.288, -32.10, -37.22, 6.61, -126.40, 7.43, 261.77, -125.02, 9.07, 261.80
14.316, 30.32, -62.37, -30.45, -56.72, -16.31, 220.39, -69.98, -11.38, 228.43
14.343, -32.61, -21.87, 5.70, -132.14, 23.85, 251.18, -120.08, 17.01, 246.76
14.370, 5.69, 18.16, 9.71, -94.81, 62.54, 250.82, -99.72, 53.68, 250.03
14.397, 19.27, 20.03, 17.01, -70.79, 62.75, 253.32, -76.42, 60.98, 252.68
14.425, 73.98, 73.59, 58.06, -4.99, 112.50, -156.65, -18.79, 102.55, -77.58
14.452, 84.02, 153.18, 114.42, -14.61, 186.42, -97.02, -15.42, 170.13, -93.25
14.479, 216.25, 250.13, 146.22, 104.82, 274.40, -60.79, 81.46, 254.14, -67.10
14.507, 250.13, 250.13, 140.58, 111.34, 265.32, -62.26, 105.53, 263.14, -63.20
14.534, 172.31, 250.13, 240.93, 43.05, 256.64, 42.79, 55.19, 257.90, 22.19
14.561, 250.13, 250.13, 249.39, 102.02, 248.14, 55.86, 92.92, 250.03, 49.32
14.588, 250.13, 250.13, 249.39, 469.19, 240.15, 60.30, 396.16, 242.06, 58.17
14.617, 250.13, 250.13, 249.39, 444.96, 233.19, 70.50, 435.78, 234.86, 68.18
14.644, 250.13, 250.13, 249.39, 425.28, 224.97, 69.81, 427.30, 226.88, 69.49
14.672, 250.13, 250.13, 233.58, 391.92, 217.31, 57.86, 398.75, 219.16, 60.10
14.699, 136.70, 250.13, 128.03, 278.47, 209.44, -43.72, 301.69, 211.32, -23.68
14.727, 55.36, 243.11, 145.32, 199.25, 195.53, -22.49, 219.02, 198.57, -22.72
14.754, 24.60, 93.63, 33.81, 178.18, 43.90, -129.94, 186.06, 73.73, -109.26
14.781, 21.60, 20.08, -6.62, 111.67, -29.46, -167.59, 126.11, -9.43, -156.27
14.809, -11.96, -22.58, -29.78, 93.92, -69.94, -185.89, 100.12, -58.28, -180.18
14.836, -7.66, -40.33, -49.20, 88.49, -84.98, -201.44, 90.73, -79.84, -197.35
14.864, -9.18, -31.41, -34.35, 55.23, -74.21, -183.27, 62.08, -75.30, -185.99
14.891, -19.38, -26.09, -7.46, 21.57, -67.24, -153.03, 29.41, -68.80, -159.41
14.919, -15.40, -31.04, -18.16, 28.62, -69.70, -159.38, 28.77, -69.52, -159.38
14.946, 0.94, -14.06, -17.42, 48.80, -51.57, -155.74, 44.93, -55.03, -156.44
14.974, -9.90, -22.71, -21.56, 16.48, -58.64, -156.22, 21.96, -57.95, -156.27
15.001, -1.75, -6.31, 0.60, 24.54, -41.39, -131.61, 24.03, -44.61, -136.40
15.028, 1.90, -6.53, -7.63, 40.74, -40.54, -136.31, 37.50, -41.33, -136.33
15.056, -4.73, -26.67, -26.10, 31.32, -59.10, -151.70, 32.52, -55.65, -148.71
15.086, -12.80, -26.73, -22.81, 25.50, -54.89, -137.03, 26.74, -55.02, -139.10
15.114, -5.75, -21.73, -14.65, 27.48, -50.84, -133.86, 27.34, -51.65, -134.87
15.141, -7.59, -19.38, -8.23, 23.18, -47.16, -124.21, 23.99, -48.03, -126.28
15.168, -14.67, -24.47, -17.84, 11.84, -50.66, -130.64, 14.20, -50.15, -129.79
15.195, -15.13, -30.41, -19.24, -6.63, -54.86, -129.16, -2.58, -53.95, -129.28
15.223, -8.27, -18.31, -21.30, -9.62, -41.66, -128.22, -8.25, -44.04, -128.43
15.250, -9.88, -25.31, -19.47, -26.78, -47.08, -123.45, -23.18, -46.49, -124.42
15.277, -16.63, -48.33, -35.82, -22.93, -67.91, -136.82, -22.98, -63.75, -134.41
15.305, -32.76, -67.76, -44.31, -55.00, -84.10, -140.96, -48.96, -80.26, -139.73
15.333, -43.79, -120.80, -81.50, -58.14, -132.62, -175.92, -56.39, -122.66, -169.04
15.361, -58.09, -114.53, -71.94, -64.73, -122.19, -164.43, -63.12, -122.28, -165.32
15.388, -79.99, -186.95, -125.51, -83.36, -187.99, -215.07, -79.47, -175.37, -205.52
15.416, -95.48, -250.14, -183.66, -39.79, -242.46, -270.83, -47.44, -229.52, -258.23
15.443, -128.44, -250.14, -245.01, -179.53, -233.91, -329.75, -153.97, -233.06, -315.91
15.471, 58.66, -250.14, -46.78, 206.10, -226.27, -129.07, 136.29, -227.58, -165.29
15.498, -170.20, -250.14, -219.14, -64.40, -218.40, -299.02, -25.44, -220.18, -273.06
15.525, -250.14, -250.14, -250.87, -99.61, -211.25, -328.36, -85.20, -212.98, -317.61
15.552, -250.14, -250.14, -250.87, -80.64, -204.11, -325.97, -81.53, -205.83, -324.35
15.580, -250.14, -250.14, -250.87, -40.72, -196.76, -323.78, -48.69, -198.53, -323.89
15.607, -250.14, -250.14, -240.75, -433.88, -189.80, 136.26, -358.96, -191.50, 46.76
15.634, -167.65, -210.79, -187.31, -314.76, -144.38, 181.77, -323.35, -153.53, 155.54
15.661, 12.20, 14.03, -87.11, -130.28, 78.19, 274.72, -167.79, 33.17, 251.57
15.689, -60.07, -80.47, -37.29, -198.17, -15.02, 316.62, -192.28, -5.67, 304.00
15.716, -59.69, -83.22, 10.84, -190.38, -16.05, 358.90, -190.75, -14.03, 348.22
15.743, -31.96, -48.79, 29.90, -157.56, 18.58, 370.38, -164.01, 12.24, 366.08
15.770, 11.88, 7.96, 5.96, -110.99, 73.48, 338.72, -121.26, 61.61, 344.02
15.798, 18.63, 1.59, 20.66, -96.61, 64.98, 342.68, -101.35, 64.33, 342.94
15.829, 2.81, -16.11, 21.72, -91.95, 39.55, 299.74, -93.58, 43.85, 307.22
15.857, 6.49, 1.56, 31.87, -104.56, 62.86, 341.86, -102.46, 59.22, 335.23
15.885, -6.11, -11.80, -2.36, -111.52, 48.68, 301.38, -109.78, 50.70, 307.87
15.913, 4.10, 4.00, -9.45, -97.29, 63.10, 288.61, -99.69, 60.72, 292.31
15.940, -16.60, -9.80, 5.40, -122.13, 48.73, 299.12, -117.80, 51.05, 297.81
15.968, -23.93, -19.47, -5.57, -127.66, 38.28, 281.31, -125.76, 40.74, 284.49
15.998, -22.29, -6.96, -8.57, -116.84, 44.46, 243.69, -118.41, 43.81, 250.85
16.026, -26.94, 3.30, -17.21, -130.49, 59.24, 260.74, -128.15, 56.25, 258.82
16.053, 41.73, 73.89, 46.17, -64.09, 125.75, 316.17, -76.46, 112.34, 305.11
16.081, 92.24, 81.38, 101.14, 2.63, 129.21, 365.01, -12.63, 125.96, 353.46
16.108, 245.79, 250.13, 126.29, 130.26, 288.41, 384.23, 102.70, 257.07, 378.30
16.136, 250.13, 250.13, 178.61, 113.31, 279.19, -15.64, 111.26, 274.91, 60.52
16.163, 250.13, 250.13, 249.39, 101.81, 269.43, 61.08, 103.62, 270.49, 60.97
16.191, 250.13, 250.13, 217.00, 69.34, 260.37, 32.30, 75.92, 262.31, 37.80
16.218, 250.13, 250.13, 188.15, 481.68, 251.97, 4.26, 402.90, 253.98, 10.77
16.246, 250.13, 250.13, 249.39, 441.65, 244.63, 72.03, 434.22, 246.42, 60.28
16.273, 233.05, 250.13, 202.96, 365.74, 236.84, 26.42, 379.05, 238.70, 33.00
16.300, 250.13, 250.13, 249.39, 399.07, 227.55, 76.74, 395.18, 229.71, 68.25
16.328, 153.25, 250.13, 249.39, 257.43, 220.57, 80.03, 284.21, 222.35, 77.74
16.355, 84.57, 250.13, 146.22, 172.48, 212.61, -19.49, 194.20, 214.51, -0.59
16.383, -3.34, 171.66, 20.72, 91.03, 129.79, -138.65, 110.80, 146.03, -112.19
16.410, -49.50, -45.38, -139.71, 20.22, -85.47, -298.34, 37.81, -40.50, -262.17
16.438, -29.69, -13.53, 12.53, 4.90, -51.80, -140.36, 11.21, -49.63, -163.73
16.465, -24.65, -75.73, -81.75, -66.54, -111.28, -233.48, -51.45, -99.31, -219.94
16.493, -42.28, -44.44, -17.10, -23.48, -77.15, -163.36, -28.84, -81.40, -174.21
16.520, -32.35, -67.97, -30.42, 13.13, -98.18, -175.66, 4.98, -94.92, -175.38
16.547, -36.05, -107.69, -32.58, 28.64, -133.44, -173.40, 24.08, -126.01, -173.78
16.575, -66.99, -164.28, -64.40, -42.11, -184.10, -201.94, -29.36, -172.92, -196.52
16.603, -104.41, -235.76, -131.07, -75.54, -246.85, -264.41, -66.72, -232.73, -251.44
16.630, -118.89, -250.14, -180.26, -69.92, -252.68, -311.82, -69.30, -248.84, -300.19
16.658, -179.64, -250.14, -250.87, -61.91, -243.98, -377.02, -63.31, -244.90, -362.49
16.687, -155.23, -250.14, -245.08, -365.21, -235.88, -367.76, -308.43, -237.57, -366.77
16.715, -91.47, -250.14, -250.87, -237.03, -229.73, -373.00, -250.70, -231.23, -371.81
16.742, -106.31, -250.14, -215.42, -38.63, -220.99, -336.23, -79.74, -222.97, -343.12
16.769, -210.69, -250.14, -109.08, -188.94, -214.43, -226.37, -167.89, -216.07, -248.87
16.797, -210.47, -250.14, -135.42, -279.14, -206.72, 194.51, -257.69, -208.52, 109.05
16.824, -237.89, -250.14, -108.81, -372.62, -199.21, 214.59, -350.46, -201.01, 194.24
16.852, -249.50, -250.14, -122.13, -354.72, -191.47, 195.62, -353.89, -193.32, 195.35
16.879, -57.60, -119.39, -113.31, -134.15, -58.17, 197.40, -176.59, -84.27, 197.00
16.907, -122.18, -124.36, -68.20, -172.80, -60.47, 235.51, -173.53, -65.06, 228.08
16.934, -150.19, -128.98, -16.48, -241.26, -61.99, 281.69, -228.17, -62.58, 271.32
16.962, -193.77, -231.05, 114.79, -307.09, -157.28, 406.33, -291.84, -138.98, 380.24
16.989, -247.85, -248.51, 217.09, -340.06, -167.98, 503.37, -330.71, -162.36, 479.51
17.016, -138.63, -31.37, 246.59, -200.97, 48.39, 80.08, -226.10, 7.57, 157.45
17.044, -159.44, 25.92, 75.13, -216.33, 103.60, -88.40, -218.23, 84.95, -40.67
17.071, -191.54, -41.90, -1.47, -243.74, 35.54, -161.64, -238.78, 45.13, -138.14
17.098, -152.31, -97.17, -25.53, -206.52, -17.88, -182.45, -212.79, -5.63, -173.84
17.125, -165.21, -125.12, -186.39, -230.96, -43.52, 107.56, -227.43, -36.16, 52.89
17.153, 82.61, -79.66, 223.10, 110.16, 2.39, 63.50, 44.61, -5.09, 61.44
17.180, 121.32, -105.32, 40.95, 64.11, -21.64, -115.19, 60.33, -18.43, -80.91
17.207, 58.31, -92.81, -151.54, -27.84, -7.84, -304.56, -10.71, -9.90, -261.11
17.234, 242.68, -250.14, 131.13, 384.01, -160.16, -18.52, 307.36, -130.98, -65.63
17.262, -9.73, 20.69, -249.65, -84.98, 109.24, 50.70, -8.74, 62.56, 28.09
17.289, -3.03, -8.44, 45.99, -74.12, 77.82, 339.26, -61.44, 74.86, 278.91
17.316, -4.32, 21.07, 36.46, -80.22, 104.68, -122.40, -76.57, 98.89, -44.49
17.344, -2.82, -2.76, 4.92, -69.03, 78.03, -148.14, -70.48, 82.02, -128.28
17.372, -0.14, 1.54, 16.28, -63.14, 79.17, -130.67, -64.52, 79.71, -130.22
17.400, -1.23, 5.88, -23.66, -66.02, 82.97, -171.62, -65.73, 82.34, -163.64
17.428, 4.85, -1.83, 1.19, -58.94, 73.05, -142.85, -60.24, 74.83, -146.84
17.455, -5.23, 1.43, 10.59, -65.10, 74.48, -130.48, -64.16, 74.55, -133.62
17.483, -1.70, 3.20, -18.56, -60.18, 74.36, -156.69, -60.94, 74.40, -152.26
17.511, -1.95, 1.71, -1.23, -61.09, 70.96, -136.35, -61.06, 71.62, -139.40
17.538, -2.43, -3.76, 9.47, -59.63, 64.28, -123.93, -59.91, 65.70, -126.93
17.565, 0.67, 4.08, -1.46, -55.64, 70.07, -131.35, -56.46, 69.22, -130.50
17.593, -8.92, 0.21, -30.87, -61.71, 64.42, -157.78, -60.70, 65.35, -152.52
17.620, 4.30, 3.31, 11.33, -49.06, 65.90, -113.44, -51.32, 65.80, -121.01
17.648, 1.53, -5.10, 23.75, -50.26, 56.07, -98.40, -50.47, 57.96, -102.79
17.675, -1.18, 1.20, -12.64, -50.55, 60.44, -131.08, -50.54, 59.96, -125.63
17.703, 0.92, 1.72, 5.87, -47.64, 59.14, -109.47, -48.19, 59.30, -112.57
17.730, 0.50, -2.40, 17.28, -47.59, 53.58, -95.51, -47.71, 54.68, -98.79
17.758, -0.17, 1.44, -20.42, -45.98, 55.81, -130.46, -46.31, 55.59, -124.38
17.786, -6.05, 1.91, -18.87, -49.12, 54.65, -126.11, -48.58, 54.83, -125.77
17.814, -3.29, -0.72, -3.62, -45.32, 50.42, -107.85, -45.94, 51.26, -111.27
17.842, -4.41, 1.83, -5.11, -45.88, 51.45, 331.14, -45.89, 51.41, 246.73
17.869, 7.56, 3.47, -9.45, -33.96, 51.62, 321.44, -36.25, 51.58, 307.14
17.897, 1.42, -6.00, -1.87, -39.37, 41.14, 325.96, -38.77, 43.16, 322.33
17.924, 3.56, -3.49, 28.58, -35.55, 42.26, -94.16, -36.17, 42.43, -14.15
17.952, -6.44, 1.31, -8.84, -44.74, 45.84, -129.72, -43.08, 45.18, -107.37
17.979, 1.34, 3.40, -9.37, -35.71, 46.42, 317.40, -37.13, 46.18, 235.36
18.007, 0.98, -1.91, 12.13, -36.21, 39.92, -113.37, -36.39, 41.14, -45.63
18.039, -0.20, -0.82, 6.47, -33.69, 38.11, -97.97, -34.14, 38.61, -89.23
18.067, 0.82, -1.85, -1.31, -32.78, 37.32, -121.09, -33.04, 37.57, -114.94
18.095, -6.83, 2.30, -18.27, -38.26, 40.01, 304.81, -37.27, 39.55, 225.12
18.122, 3.83, 5.01, 3.22, -31.11, 41.41, -120.04, -32.30, 41.05, -53.68
18.150, -2.67, -1.33, -6.14, -32.23, 33.94, 317.65, -32.24, 35.31, 246.33
18.178, -0.46, -0.82, 5.97, -30.91, 33.31, -121.08, -31.16, 33.70, -50.53
18.205, -3.58, -1.27, 9.74, -32.14, 31.76, -114.34, -31.95, 32.13, -102.11
18.233, -4.21, 1.24, -0.20, -31.18, 33.15, -121.67, -31.33, 32.96, -117.91
18.261, -2.98, 2.60, -22.63, -28.03, 33.31, 304.02, -28.67, 33.24, 222.68
18.288, -2.27, -4.18, -7.70, -26.18, 25.59, 312.91, -26.66, 27.07, 295.48
18.315, -1.03, -5.09, 17.13, -25.23, 23.79, 333.34, -25.51, 24.43, 325.98
18.342, -2.37, 0.87, -7.20, -23.52, 28.75, 302.16, -23.90, 27.91, 306.79
18.370, -0.59, 0.47, 16.60, -23.61, 27.30, -130.84, -23.67, 27.42, -45.69
18.397, 0.19, 6.04, -0.42, -22.56, 31.72, -144.47, -22.78, 30.89, -125.28
18.424, 1.76, 3.15, -14.94, -19.19, 27.77, 292.98, -19.88, 28.38, 211.72
18.452, -10.53, 0.17, -17.27, -30.47, 23.90, 282.71, -28.42, 24.77, 268.97
18.479, 5.07, 4.55, 5.09, -17.55, 27.14, 299.38, -19.66, 26.68, 293.48
18.506, -2.02, -7.18, 14.48, -18.39, 14.82, 302.27, -18.64, 17.12, 300.56
18.533, -1.39, -0.11, 18.39, -20.11, 21.06, -148.18, -19.82, 20.29, -60.95
18.561, 1.18, 1.38, -12.03, -16.39, 21.68, 272.39, -17.06, 21.41, 207.73
18.588, -3.27, 5.11, -11.09, -22.86, 24.36, 267.81, -21.74, 23.79, 256.13
18.615, -0.66, 1.79, -1.55, -17.68, 20.15, 271.62, -18.47, 20.86, 268.60
18.642, -1.25, -0.66, 10.40, -14.79, 16.99, 276.34, -15.50, 17.74, 274.84
18.670, 3.66, 1.11, 5.51, -12.40, 18.01, -181.55, -13.00, 17.96, -92.92
18.697, -0.01, 0.14, -17.75, -12.13, 16.33, 244.89, -12.30, 16.65, 179.51
