0.000, -0.82, -0.33, -0.47, -16258.48, -34.65, 16106127.04, -44.12, -0.09, 43708.54
0.034, -0.89, -0.34, -0.87, -2.68, -0.19, 955.03, -9.46, -0.17, 7950.55
0.061, -1.00, -0.31, -0.60, -0.12, -0.15, 453.34, -1.91, -0.15, 1893.43
0.089, -0.88, -0.35, -0.09, -8.72, -0.03, 249.12, -7.41, -0.05, 565.16
0.116, -0.85, -0.44, -0.55, -0.08, -0.23, 163.13, -1.49, -0.19, 240.45
0.144, -0.85, -0.18, -0.74, -1.12, 0.03, 120.40, -1.19, -0.02, 143.61
0.171, -0.92, -0.38, -0.45, -5.86, -0.21, 95.38, -4.97, -0.17, 104.65
0.199, -0.84, -0.51, -0.41, -0.09, -0.18, 79.70, -1.02, -0.18, 84.49
0.227, -0.82, -0.31, -0.58, 1.52, -0.05, 68.42, 1.03, -0.07, 71.50
0.254, -0.70, -0.48, -0.62, 2.68, -0.18, 59.68, 2.36, -0.16, 61.95
0.282, -1.05, -0.44, -0.59, 1.29, -0.13, 52.16, 1.49, -0.14, 54.03
0.310, -1.00, -0.40, -0.29, -0.64, -0.01, 45.76, -0.23, -0.03, 47.35
0.338, -0.98, -0.19, -0.42, 1.62, 0.12, 39.44, 1.26, 0.09, 40.96
0.365, -0.69, -0.21, -0.68, 0.57, 0.14, 33.43, 0.70, 0.13, 34.88
0.393, -0.95, -0.39, -0.49, 1.58, -0.01, 28.32, 1.41, 0.01, 29.58
0.420, -0.95, -0.46, -0.52, -4.32, -0.03, 23.53, -3.22, -0.02, 24.69
0.448, -0.74, -0.50, -0.42, -0.72, -0.02, 19.37, -1.20, -0.02, 20.40
0.475, -0.84, -0.34, -0.55, -2.95, 0.05, 15.49, -2.62, 0.03, 16.44
0.503, -0.90, -0.39, -0.59, 2.70, 0.10, 12.32, 1.68, 0.09, 13.11
0.531, -0.70, -0.46, -0.46, -3.58, 0.00, 9.69, -2.57, 0.02, 10.34
0.558, -0.82, -0.37, -0.38, 0.34, 0.07, 7.34, -0.22, 0.06, 7.92
0.586, -0.85, -0.21, 1.19, 0.08, 0.21, 7.16, 0.02, 0.18, 7.30
0.613, -0.96, -0.33, -0.58, 0.66, 0.07, 3.69, 0.54, 0.09, 4.38
0.641, -0.61, -0.27, -0.18, 0.82, 0.06, 2.78, 0.77, 0.06, 3.09
0.668, -0.76, -0.45, -0.47, 1.35, -0.02, 1.38, 1.23, -0.01, 1.71
0.696, -0.86, -0.34, -0.68, -0.27, 0.08, 0.28, 0.02, 0.06, 0.56
0.724, -0.90, -0.26, -0.29, -0.32, 0.14, -0.03, -0.26, 0.13, 0.08
0.751, -0.83, -0.42, -0.16, 1.25, -0.03, -0.44, 0.96, -0.00, -0.34
0.779, -0.98, -0.24, -0.71, 0.64, 0.16, -1.48, 0.70, 0.13, -1.26
0.806, -0.89, -0.15, -0.87, -1.83, 0.21, -2.02, -1.35, 0.20, -1.87
0.834, -0.92, -0.49, -0.07, 0.48, -0.11, -1.53, 0.13, -0.05, -1.60
0.862, -0.93, -0.43, -0.35, -1.59, -0.02, -1.99, -1.26, -0.02, -1.92
0.889, -0.87, -0.29, -0.77, -0.96, 0.10, -2.70, -1.02, 0.07, -2.55
0.917, -0.72, -0.41, -0.37, -0.33, -0.05, -2.32, -0.46, -0.03, -2.37
0.944, -0.79, -0.37, -0.27, -2.37, 0.02, -2.37, -2.00, 0.01, -2.37
0.972, -1.03, -0.34, -0.64, -1.07, 0.05, -2.77, -1.25, 0.04, -2.70
0.999, -0.71, -0.24, -0.65, 2.59, 0.07, -2.84, 1.85, 0.06, -2.81
1.027, -0.89, -0.40, -0.39, -1.84, -0.07, -2.57, -1.13, -0.04, -2.62
1.055, -0.81, -0.25, -0.65, 0.37, 0.10, -2.81, 0.08, 0.07, -2.78
1.082, -0.84, -0.41, -0.67, 2.73, -0.05, -2.87, 2.22, -0.03, -2.85
1.110, -0.89, -0.35, -0.45, 1.80, -0.03, -2.67, 1.88, -0.03, -2.71
1.138, -0.78, -0.32, -0.32, -0.15, 0.04, -2.49, 0.24, 0.03, -2.53
1.165, -0.87, -0.22, -0.76, 0.80, 0.15, -2.95, 0.69, 0.13, -2.87
1.193, -1.04, -0.36, -0.61, -1.23, 0.03, -2.72, -0.86, 0.05, -2.75
1.220, -0.85, -0.44, -0.40, -2.11, -0.13, -2.44, -1.87, -0.09, -2.50
1.248, -0.90, -0.37, -0.44, 0.37, -0.01, -2.53, -0.06, -0.02, -2.53
1.276, -0.92, -0.41, -0.78, 1.88, -0.00, -2.74, 1.51, -0.01, -2.70
1.303, -0.81, -0.20, -0.24, 0.76, 0.15, -2.21, 0.90, 0.12, -2.30
1.331, -0.76, -0.33, -0.06, 1.51, 0.02, -1.98, 1.39, 0.04, -2.04
1.358, -0.99, -0.39, -0.48, 0.45, -0.02, -2.36, 0.63, -0.01, -2.30
1.386, -1.01, -0.23, -0.69, 0.47, 0.11, -2.55, 0.50, 0.08, -2.50
1.414, -1.06, -0.32, -0.93, -0.55, 0.02, -2.75, -0.35, 0.04, -2.70
1.441, -0.81, -0.24, -0.54, 0.91, 0.05, -2.30, 0.67, 0.05, -2.38
1.469, -0.76, -0.53, -0.18, -0.32, -0.17, -1.91, -0.13, -0.13, -2.00
1.496, -1.05, -0.18, -0.61, -0.20, 0.16, -2.29, -0.18, 0.10, -2.24
1.524, -0.79, -0.18, -0.74, 0.04, 0.16, -2.40, -0.00, 0.15, -2.37
1.551, -0.99, -0.50, -0.35, -0.49, -0.16, -1.92, -0.39, -0.10, -2.01
1.579, -0.52, -0.50, -0.22, -1.41, -0.15, -1.76, -1.22, -0.14, -1.81
1.606, -1.18, -0.41, -0.93, -0.27, -0.07, -2.47, -0.46, -0.08, -2.34
1.634, -1.02, -0.14, -1.31, 1.21, 0.23, -2.82, 0.89, 0.17, -2.73
1.662, -0.87, -0.49, -0.28, -0.31, -0.15, -1.70, -0.08, -0.09, -1.90
1.689, -0.89, -0.44, -0.11, -0.16, -0.08, -1.50, -0.15, -0.08, -1.58
1.717, -1.02, -0.16, -0.91, -1.19, 0.19, -2.29, -0.99, 0.14, -2.15
1.744, -0.94, -0.20, -0.79, 1.13, 0.12, -2.13, 0.73, 0.13, -2.13
1.772, -0.61, -0.49, 0.10, 1.50, -0.15, -1.20, 1.35, -0.10, -1.38
1.799, -0.91, -0.45, -0.33, 0.53, -0.07, -1.62, 0.69, -0.08, -1.57
1.828, -1.07, -0.03, -1.40, -0.39, 0.32, -2.55, -0.18, 0.24, -2.36
1.855, -1.04, -0.18, -0.90, -0.07, 0.14, -2.13, -0.09, 0.16, -2.17
1.883, -0.90, -0.47, 0.31, 0.32, -0.15, -0.88, 0.24, -0.09, -1.13
1.910, -0.73, -0.48, -0.07, 0.40, -0.14, -1.24, 0.37, -0.13, -1.22
1.938, -0.87, -0.19, -1.21, 0.91, 0.14, -2.35, 0.81, 0.09, -2.13
1.966, -0.76, -0.37, -0.57, 1.12, -0.04, -1.67, 1.06, -0.02, -1.76
1.993, -0.76, -0.48, 0.98, -0.49, -0.14, -0.14, -0.19, -0.12, -0.45
2.021, -1.08, -0.37, -0.82, 0.05, -0.03, -1.88, 0.00, -0.05, -1.60
2.048, -1.00, 0.05, -1.93, 0.46, 0.37, -2.97, 0.37, 0.29, -2.71
2.076, -0.87, -0.42, -0.25, -0.56, -0.12, -1.27, -0.38, -0.04, -1.55
2.103, -0.69, -0.49, 0.78, -0.41, -0.14, -0.21, -0.41, -0.12, -0.47
2.131, -1.01, -0.06, -1.12, -0.49, 0.25, -2.08, -0.48, 0.18, -1.77
2.159, -0.96, -0.02, -1.38, -0.39, 0.30, -2.32, -0.41, 0.28, -2.21
2.186, -0.65, -0.58, 0.43, -0.04, -0.29, -0.50, -0.11, -0.18, -0.83
2.214, -0.70, -0.44, 0.24, 0.42, -0.11, -0.65, 0.31, -0.13, -0.69
2.241, -1.14, 0.02, -1.90, -1.00, 0.34, -2.79, -0.75, 0.25, -2.38
2.269, -1.06, -0.08, -1.15, 0.87, 0.21, -2.01, 0.56, 0.22, -2.08
2.297, -0.50, -0.55, 0.40, 0.55, -0.23, -0.45, 0.55, -0.14, -0.77
2.324, -0.73, -0.63, 0.34, 0.08, -0.30, -0.52, 0.17, -0.27, -0.57
2.352, -1.05, -0.05, -1.61, 0.09, 0.25, -2.42, 0.11, 0.15, -2.07
2.379, -1.00, -0.35, -1.06, -1.14, -0.03, -1.84, -0.90, 0.01, -1.88
2.407, -0.78, -0.63, 0.76, -0.06, -0.30, -0.02, -0.22, -0.24, -0.38
2.435, -0.42, -0.37, 0.11, 0.22, -0.03, -0.64, 0.13, -0.07, -0.59
2.462, -0.98, 0.95, -2.22, 0.28, 1.22, -2.99, 0.25, 0.97, -2.53
2.490, -1.15, 0.03, -2.03, -1.66, 0.29, -2.77, -1.29, 0.42, -2.73
2.517, -0.28, -1.21, 2.45, -0.14, -0.91, 1.72, -0.36, -0.66, 0.86
2.545, 0.10, -0.06, 1.82, 1.31, 0.23, 1.10, 0.99, 0.06, 1.06
2.572, -3.88, 0.51, -6.39, -3.36, 0.76, -7.09, -2.53, 0.62, -5.52
2.600, -0.97, 1.94, -0.16, -0.70, 2.08, -0.85, -1.05, 1.80, -1.75
2.628, 0.19, -3.91, 5.97, 1.04, -3.59, 5.30, 0.64, -2.55, 3.94
2.655, -1.33, -0.14, -2.45, -0.22, 0.18, -3.12, -0.06, -0.35, -1.76
2.683, -1.86, 1.25, -6.93, 0.21, 1.51, -7.57, 0.16, 1.15, -6.45
2.710, -0.34, -1.13, 2.89, 0.35, -0.88, 2.25, 0.32, -0.49, 0.58
2.738, -0.12, -1.51, 4.14, 0.63, -1.17, 3.52, 0.57, -1.04, 2.95
2.765, -1.72, 0.92, -5.55, -1.24, 1.20, -6.16, -0.89, 0.77, -4.41
2.793, -1.28, 0.23, -3.06, -0.23, 0.47, -3.66, -0.36, 0.53, -3.80
2.821, 0.27, -1.73, 5.15, 1.25, -1.43, 4.56, 0.94, -1.05, 2.95
2.848, -0.97, -0.34, -0.68, -0.11, -0.02, -1.26, 0.09, -0.22, -0.45
2.876, -1.72, 0.91, -5.52, -0.56, 1.17, -6.09, -0.44, 0.90, -5.01
2.903, -0.48, -0.65, 1.50, 0.53, -0.37, 0.94, 0.35, -0.13, -0.21
2.931, -1.37, -1.34, 3.49, -1.33, -1.02, 2.94, -1.01, -0.85, 2.33
2.959, -1.21, 0.84, -3.59, -0.69, 1.13, -4.13, -0.75, 0.75, -2.89
2.986, -1.85, -0.27, -4.14, -0.36, -0.01, -4.69, -0.44, 0.14, -4.34
3.014, 0.18, -0.69, 3.15, 0.46, -0.40, 2.63, 0.29, -0.29, 1.29
3.041, -0.65, -1.18, 1.83, 0.82, -0.85, 1.31, 0.72, -0.75, 1.30
3.069, -1.44, 0.22, -3.94, -2.42, 0.55, -4.45, -1.82, 0.30, -3.34
3.096, 250.13, 129.79, -245.63, 186.14, 123.95, -246.13, 149.95, 100.15, -199.39
3.124, -147.65, 63.98, -153.04, -81.14, 56.53, -153.54, -36.61, 64.94, -162.37
3.151, -127.53, -250.14, -250.89, -106.34, -247.16, -251.37, -92.94, -187.20, -234.27
3.179, 250.13, 250.13, -98.08, 218.71, 242.78, -98.56, 158.68, 159.96, -124.70
3.207, 178.15, 122.99, 13.03, 159.00, 111.62, 12.57, 158.94, 120.89, -13.75
3.234, 250.13, 250.13, -250.89, 230.28, 229.50, -251.35, 216.56, 208.61, -205.66
3.262, 250.13, 250.13, -69.39, 180.98, 221.28, -69.83, 187.81, 218.85, -95.91
3.289, 173.60, 223.05, -10.91, 165.78, 186.13, -11.36, 170.02, 192.43, -27.63
3.317, 236.98, 250.13, -7.69, 216.26, 204.97, -8.14, 207.32, 202.55, -11.91
3.344, 199.18, 250.13, 6.07, 211.83, 197.58, 5.63, 210.97, 198.53, 2.26
3.372, 205.22, 250.13, -23.46, 189.18, 190.23, -23.89, 193.37, 191.83, -18.86
3.400, 153.50, 250.13, -39.35, 178.44, 183.23, -39.77, 181.31, 184.88, -35.75
3.427, 139.96, 213.66, 35.96, 193.51, 141.14, 35.54, 191.16, 149.56, 21.81
3.455, 146.66, 221.21, 36.03, 219.38, 143.53, 35.62, 213.96, 144.69, 32.97
3.482, 85.65, 227.31, 5.45, 175.01, 144.11, 5.05, 182.50, 144.22, 10.42
3.510, 59.55, 195.31, -49.15, 131.57, 108.03, -49.55, 141.38, 115.00, -37.99
3.537, 40.17, 200.96, 44.71, 119.28, 109.74, 44.32, 123.54, 110.76, 28.47
3.565, 50.92, 145.37, 4.91, 121.08, 51.39, 4.52, 121.55, 62.82, 9.14
3.592, 111.40, 250.13, -108.10, 147.14, 150.27, -108.49, 142.21, 133.42, -85.83
3.620, 104.40, 224.41, -239.64, 167.69, 120.97, -240.02, 162.79, 123.37, -210.34
3.647, -23.10, 122.68, -155.13, 50.54, 17.28, -155.50, 72.23, 37.78, -166.10
3.675, -16.27, 117.40, -56.19, 35.98, 11.78, -56.55, 42.95, 16.77, -77.60
3.703, -4.53, 119.34, -61.98, 40.62, 12.63, -62.34, 41.07, 13.43, -65.27
3.730, 40.93, 143.15, 32.87, 86.17, 34.97, 32.52, 77.50, 30.83, 13.72
3.758, 34.92, 123.02, 55.96, 91.19, 13.45, 55.60, 88.55, 16.80, 47.53
3.785, 9.73, 120.91, 80.13, 58.83, 10.82, 79.78, 64.56, 11.97, 73.57
3.813, 6.18, 127.59, 13.45, 56.76, 16.38, 13.11, 58.27, 15.53, 24.77
3.840, 13.61, 161.63, 59.32, 57.63, 48.55, 58.98, 57.75, 42.18, 52.39
3.868, 27.31, 152.25, 56.35, 75.59, 37.70, 56.01, 72.16, 38.56, 55.32
3.896, 19.91, 137.39, 17.93, 65.50, 21.79, 17.60, 66.78, 25.02, 24.86
3.923, 26.69, 157.96, 39.56, 80.68, 40.70, 39.24, 78.01, 37.68, 36.47
3.951, 17.65, 116.53, 6.55, 60.81, -0.86, 6.24, 64.12, 6.55, 12.05
3.978, 22.95, 123.67, 28.39, 65.45, 5.43, 28.07, 65.20, 5.64, 24.99
4.006, 16.98, 112.11, 23.90, 56.63, -6.83, 23.58, 58.29, -4.42, 23.85
4.033, -15.41, 93.63, 7.03, 23.70, -24.22, 6.72, 30.35, -20.41, 10.02
4.061, -5.69, 68.89, 59.06, 20.52, -47.83, 58.75, 22.41, -42.55, 49.37
4.088, 60.50, -24.65, -26.75, 42.01, -137.30, -27.05, 38.23, -119.04, -12.33
4.116, 29.86, -58.84, -16.29, 113.79, -166.54, -16.58, 99.26, -157.41, -15.76
4.144, -23.82, -204.22, 6.81, 51.49, -302.37, 6.52, 60.69, -274.44, 2.23
4.171, -39.85, -250.14, 10.37, 39.48, -337.79, 10.08, 43.56, -325.61, 8.57
4.199, -90.85, -250.14, -105.45, -0.39, -327.71, -105.73, 8.06, -327.30, -83.75
4.226, -102.28, -250.14, -20.11, 59.02, -317.30, -20.39, 49.26, -319.22, -32.52
4.254, -46.77, -250.14, -146.42, -164.19, -307.93, -146.70, -123.08, -310.11, -124.71
4.282, -52.54, -250.14, -87.64, 77.16, -299.26, -87.91, 38.62, -301.35, -95.00
4.309, -87.15, -250.14, 5.43, 76.54, -292.10, 5.16, 69.25, -293.87, -14.09
4.337, -95.11, -250.14, -43.23, -254.36, -283.56, -43.51, -191.77, -285.56, -37.82
4.364, -126.88, -250.14, -79.22, 93.58, -275.28, -79.48, 38.70, -277.26, -71.47
4.392, -120.41, -250.14, -87.64, -252.68, -266.97, -87.90, -196.67, -268.95, -84.75
4.419, -83.29, -250.14, -87.13, -195.58, -258.98, -87.39, -195.79, -260.89, -86.88
4.447, -32.73, -250.14, -25.67, -144.15, -251.24, -25.92, -154.08, -253.10, -37.65
4.475, -19.68, -181.77, 36.68, -117.81, -177.35, 36.42, -124.79, -191.93, 22.17
4.502, -22.95, -144.79, 37.69, -124.09, -136.22, 37.45, -124.23, -146.91, 34.51
4.530, -14.08, -144.55, 103.71, -100.34, -131.53, 103.46, -104.95, -134.49, 90.17
4.557, -25.24, -100.28, 114.24, -107.84, -84.66, 114.00, -107.29, -94.25, 109.41
4.585, -27.28, -17.05, 45.39, -100.63, -1.11, 45.15, -101.91, -19.06, 57.53
4.613, 8.14, 85.16, -13.81, -66.12, 98.42, -14.04, -73.01, 75.81, -0.27
4.640, 49.18, 193.66, -196.35, -28.44, 201.18, -196.59, -37.03, 177.01, -158.74
4.667, 32.44, 250.13, 22.49, -70.23, 250.34, 22.25, -63.82, 236.17, -12.71
4.695, 44.25, 250.13, 56.27, -52.56, 243.15, 56.04, -54.72, 241.81, 42.82
4.723, 47.07, 250.13, 70.00, -43.70, 236.23, 69.78, -45.82, 237.30, 64.61
4.750, 41.84, 250.13, 74.89, -66.48, 229.53, 74.67, -62.51, 231.03, 72.73
4.778, 54.28, 250.13, 33.52, -49.34, 223.02, 33.30, -51.88, 224.56, 40.90
4.805, 34.01, 250.13, 33.55, -39.05, 216.81, 33.32, -41.53, 218.30, 34.78
4.833, 1.02, 250.13, 106.50, 191.22, 210.33, 106.28, 146.45, 211.86, 92.53
4.861, -1.39, 250.13, 72.62, 10.45, 206.13, 72.41, 36.62, 207.23, 76.28
4.888, -40.85, 250.13, 62.52, -50.20, 201.23, 62.30, -33.49, 202.39, 64.99
4.916, 29.76, 250.13, 86.75, 28.11, 195.37, 86.54, 16.26, 196.72, 82.40
4.943, 5.82, 250.13, 55.04, 60.76, 189.81, 54.83, 52.20, 191.14, 60.14
4.971, -26.71, 250.13, 48.01, -19.55, 184.69, 47.80, -5.75, 185.93, 50.18
4.998, -26.70, 250.13, 60.04, -47.69, 179.26, 59.83, -39.61, 180.55, 57.97
5.026, -44.56, 250.13, 38.72, -45.84, 174.06, 38.51, -44.63, 175.32, 42.28
5.056, -18.02, 181.13, 26.11, -26.17, 106.56, 25.99, -29.44, 118.73, 28.87
5.084, -62.83, 94.20, -11.21, -63.71, 14.25, -11.41, -57.13, 34.31, -3.67
5.112, -68.57, 58.40, -0.06, -81.31, -21.33, -0.26, -76.66, -10.64, -0.92
5.139, -41.48, 7.23, -9.75, -63.16, -70.99, -9.95, -65.77, -59.36, -8.21
5.167, -10.43, -22.02, -11.00, -26.79, -97.51, -11.19, -34.28, -90.18, -10.62
5.194, 9.98, -84.24, -16.15, 9.25, -155.58, -16.34, 0.88, -143.01, -15.24
5.222, 34.16, -138.25, -47.86, 16.92, -204.09, -48.05, 13.84, -192.37, -41.75
5.250, 77.65, -194.44, -40.71, 60.26, -253.48, -40.90, 51.32, -241.71, -41.07
5.277, 145.79, -237.58, -11.95, 131.02, -288.74, -12.14, 115.69, -279.70, -17.70
5.305, 115.79, -250.14, 6.92, 117.06, -293.22, 6.73, 116.80, -290.62, 2.02
5.332, 144.08, -250.14, 22.97, 142.37, -285.33, 22.78, 137.45, -286.35, 18.79
5.360, 113.79, -250.14, -19.29, 180.00, -277.96, -19.48, 171.79, -279.58, -12.09
5.387, 88.80, -250.14, -31.00, 159.35, -270.72, -31.18, 161.74, -272.42, -27.51
5.415, 101.31, -250.14, -7.71, 175.31, -263.46, -7.88, 172.70, -265.19, -11.66
5.443, 58.09, -250.14, -38.00, 138.36, -256.77, -38.17, 144.95, -258.39, -33.08
5.470, 105.69, -250.14, -47.31, 202.99, -250.22, -47.49, 191.80, -251.79, -44.71
5.498, 18.63, -250.14, 47.13, 132.53, -244.46, 46.95, 143.95, -245.88, 29.29
5.525, -49.31, -250.14, 49.42, 82.19, -238.25, 49.25, 94.09, -239.72, 45.40
5.553, -88.67, -250.14, -2.26, 57.16, -232.10, -2.43, 64.28, -233.56, 6.78
5.580, -101.05, -250.14, 8.52, 77.72, -225.91, 8.35, 75.13, -227.39, 8.05
5.608, -96.27, -250.14, 40.22, 104.36, -219.84, 40.05, 98.74, -221.29, 33.89
5.635, -99.06, -250.14, 75.13, -224.68, -213.81, 74.97, -162.37, -215.25, 67.06
5.663, -127.33, -167.12, 156.33, -242.78, -128.24, 156.18, -227.50, -144.77, 139.24
5.691, -174.33, -157.56, 249.38, -265.29, -114.07, 249.22, -258.01, -119.99, 228.03
5.719, -122.76, -76.15, 80.07, -194.89, -31.86, 79.91, -207.02, -48.79, 108.37
5.746, -132.94, 42.50, 100.26, -215.70, 85.02, 100.11, -214.03, 59.27, 101.70
5.774, -137.26, 65.00, -70.88, -206.93, 105.20, -71.04, -208.29, 96.35, -37.76
5.801, -154.63, 131.79, -148.21, -233.07, 167.62, -148.37, -228.29, 153.89, -127.05
5.829, -187.66, 133.59, -131.33, -258.29, 165.60, -131.49, -252.51, 163.34, -130.63
5.856, -140.21, 137.83, 61.67, -229.85, 165.52, 61.51, -234.22, 165.10, 24.50
5.884, -89.34, 200.91, 83.52, -135.81, 223.33, 83.36, -154.86, 212.06, 71.97
5.911, -68.52, 250.13, 204.14, -138.54, 265.38, 203.99, -141.67, 255.15, 178.66
5.939, -22.33, 250.13, 249.38, 224.62, 258.99, 249.23, 154.21, 258.25, 235.67
5.967, 13.73, 250.13, 249.38, -56.15, 252.64, -79.13, -15.70, 253.72, -18.61
5.994, 45.68, 250.13, 249.38, 15.06, 246.44, -73.16, 9.13, 247.85, -62.64
6.022, 34.21, 250.13, 249.38, 14.49, 241.05, -65.77, 13.45, 242.36, -65.17
6.049, 50.73, 250.13, 249.38, 23.88, 235.88, -58.85, 21.87, 237.13, -60.07
6.077, 120.18, 250.13, 227.01, 67.54, 230.06, -74.77, 58.74, 231.42, -71.94
6.104, 110.83, 250.13, 132.51, 87.87, 224.67, -162.81, 82.27, 225.97, -145.32
6.132, 101.47, 250.13, 131.96, 34.66, 219.13, -157.27, 43.83, 220.45, -154.97
6.159, 21.40, 250.13, 131.97, 86.08, 213.71, -151.18, 77.94, 215.01, -151.91
6.187, 52.10, 250.13, 140.08, 13.97, 208.71, -136.52, 26.28, 209.92, -139.48
6.215, 29.83, 249.49, 127.28, 110.63, 202.60, -144.05, 94.38, 204.01, -143.17
6.242, -5.73, 121.47, 96.81, 28.05, 72.84, -169.66, 40.87, 98.19, -164.54
6.270, 16.19, 90.24, 53.60, 12.65, 41.28, -198.96, 17.95, 51.97, -192.49
6.298, 18.71, -76.86, -8.09, -17.47, -123.46, -260.74, -10.69, -89.88, -247.67
6.326, 23.18, -148.60, -79.48, 11.00, -190.57, -327.75, 6.84, -171.23, -312.37
6.353, 33.47, -250.14, -117.68, 43.22, -284.99, -360.89, 36.23, -263.12, -351.57
6.381, 49.76, -250.14, -150.09, 45.28, -278.09, -388.36, 43.54, -275.21, -381.28
6.409, 53.88, -250.14, -207.29, -15.96, -271.24, -440.90, -4.50, -272.01, -429.41
6.436, 72.33, -250.14, -224.51, 223.22, -264.74, -453.18, 179.35, -266.14, -448.60
6.464, 73.07, -250.14, -238.13, 236.29, -258.56, -462.03, 225.31, -260.02, -459.44
6.491, 64.20, -250.14, -198.38, 229.44, -253.14, -416.86, 228.65, -254.46, -425.04
6.519, 108.48, -250.14, -193.45, 287.47, -247.39, -407.84, 276.14, -248.75, -411.15
6.546, 3.79, -250.14, -231.82, 175.69, -241.63, -440.96, 194.97, -243.00, -435.24
6.574, -21.47, -250.14, -250.89, 141.08, -235.62, -141.28, 151.50, -237.05, -198.15
6.601, 36.70, -250.14, -175.81, 202.50, -230.27, -69.38, 192.70, -231.57, -94.14
6.629, 26.31, -250.14, 22.61, 200.11, -224.51, 127.24, 198.69, -225.87, 84.60
6.657, -16.30, -121.99, 16.14, 145.43, -94.03, 118.64, 155.68, -119.40, 112.09
6.684, -41.73, -64.45, 50.25, 135.63, -35.26, 150.95, 139.49, -51.47, 143.46
6.712, -37.49, 13.65, 75.76, 129.27, 41.77, 174.35, 131.24, 23.82, 168.41
6.739, 1.77, 173.30, 160.81, -129.40, 196.81, -53.11, -79.24, 163.52, -10.48
6.767, 17.89, 250.13, 214.35, 189.95, 267.24, 5.39, 138.27, 247.33, 2.34
6.795, 76.40, 250.13, 238.57, 246.85, 261.22, 33.81, 226.00, 258.55, 27.77
6.822, 35.58, 250.13, 249.38, 179.45, 255.30, 48.59, 188.40, 255.93, 44.59
6.850, 49.42, 250.13, 249.38, -95.08, 249.43, 52.40, -40.48, 250.68, 50.90
6.877, -95.05, 250.13, 237.55, -5.09, 243.37, 44.79, -11.90, 244.78, 45.97
6.905, -89.21, 250.13, 211.78, -220.91, 238.06, 21.93, -180.45, 239.36, 26.58
6.932, -9.13, 250.13, 239.13, 131.04, 234.46, 54.27, 71.08, 235.40, 48.94
6.960, -55.85, 250.13, 249.38, -154.66, 228.65, 68.20, -111.17, 229.95, 64.49
6.987, 8.79, 250.13, 216.98, -60.59, 223.46, 39.73, -70.32, 224.71, 44.49
7.015, -20.20, 250.13, 209.61, -77.11, 218.21, 35.93, -75.81, 219.46, 37.58
7.043, 39.27, 208.82, 177.16, -35.62, 172.71, 7.60, -43.33, 181.68, 13.35
7.070, 35.11, 33.02, 57.21, 7.37, -3.09, -109.31, -2.38, 32.46, -85.71
7.098, 23.54, -63.92, -12.26, -10.09, -97.72, -175.51, -8.60, -72.65, -158.21
7.125, 36.06, -117.01, -47.22, -11.08, -147.38, -207.10, -10.60, -132.99, -197.68
7.153, 68.02, -148.01, -124.98, 6.86, -174.31, -281.58, 3.50, -166.35, -265.42
7.180, 83.49, -188.89, -163.71, 52.07, -210.23, -316.93, 42.72, -201.78, -307.02
7.208, 133.68, -250.14, -157.35, 102.24, -265.23, -307.11, 90.81, -253.05, -307.09
7.235, 217.82, -250.14, -147.84, 181.88, -259.04, -295.62, 164.24, -257.88, -297.84
7.263, 223.97, -250.14, -160.73, 243.42, -253.31, -303.83, 228.29, -254.19, -302.68
7.291, 199.04, -250.14, -158.61, 226.84, -247.54, -299.33, 227.12, -248.82, -299.98
7.318, 196.82, -250.14, -200.36, 214.97, -241.70, -338.43, 217.31, -243.07, -331.03
7.346, 229.74, -250.14, -145.57, 264.88, -236.51, -280.81, 255.72, -237.77, -290.48
7.374, 73.47, -250.14, -215.66, 121.63, -231.28, -348.16, 147.45, -232.53, -337.05
7.401, 155.59, -250.14, 242.39, 252.99, -226.84, 112.80, 232.70, -227.93, 26.33
7.429, 91.25, -250.14, -19.94, 183.65, -221.37, -147.08, 193.10, -222.63, -113.67
7.456, -41.92, -209.21, -49.42, 81.97, -176.48, -173.51, 103.28, -185.33, -162.04
7.484, -31.02, -150.50, 22.47, 82.73, -114.77, -99.27, 86.68, -128.34, -111.33
7.512, -48.83, -108.03, 58.75, 69.20, -70.37, -60.64, 72.56, -81.54, -70.40
7.539, -39.57, -59.09, 74.01, -191.93, -20.74, -42.97, -140.96, -32.46, -48.26
7.567, -27.29, 3.75, 73.04, -182.55, 41.23, -41.37, -174.55, 27.05, -42.69
7.594, -35.27, 33.83, 117.28, 76.11, 69.84, 5.30, 27.94, 61.62, -3.92
7.622, -28.11, 41.30, 167.81, 81.71, 75.84, 57.97, 71.35, 73.10, 46.05
7.649, -106.92, 97.29, 156.19, -45.97, 129.08, 48.61, -23.36, 118.29, 48.12
7.677, -144.86, 147.08, 118.99, -115.94, 174.88, 13.72, -98.12, 163.99, 20.34
7.704, -116.62, 209.89, -12.03, -190.90, 232.63, -115.16, -173.03, 219.41, -89.06
7.732, -173.50, 194.85, 127.70, -104.17, 212.80, 26.70, -117.43, 214.07, 4.40
7.760, -182.36, 98.37, 116.98, -248.08, 114.54, 18.19, -222.96, 133.68, 15.54
7.787, -199.34, -38.82, 95.82, -245.56, -21.30, -0.94, -241.21, 8.51, 2.23
7.815, -209.82, -144.82, -88.51, -276.14, -125.30, -182.95, -269.46, -99.71, -147.52
7.843, -178.98, -167.89, -114.84, -265.80, -145.04, -207.55, -266.50, -136.34, -196.02
7.870, -159.55, -162.33, -106.02, -244.12, -135.93, -197.10, -248.44, -136.01, -196.89
7.898, -64.46, -121.56, -95.16, -155.29, -93.14, -184.12, -173.22, -101.39, -186.58
7.925, -51.45, -90.76, -21.64, -142.41, -60.93, -108.69, -148.33, -68.70, -123.66
7.953, -17.05, -18.61, -9.00, -98.46, 11.26, -94.34, -108.07, -4.14, -99.98
7.980, 63.84, 98.15, 60.35, -16.27, 125.09, -23.05, -33.89, 100.29, -37.81
8.008, 108.12, 132.44, 105.19, 20.23, 156.08, 23.46, 9.83, 145.36, 11.68
8.036, 189.24, 182.44, 98.10, 97.80, 201.83, 17.96, 80.83, 190.93, 16.75
8.063, 226.40, 229.68, 73.74, 134.53, 243.46, -4.58, 124.21, 233.36, -0.48
8.091, 246.02, 250.13, 64.98, 137.88, 257.95, -11.69, 135.26, 253.22, -9.54
8.118, 222.79, 250.13, 127.49, 90.60, 252.39, 52.40, 99.19, 252.55, 40.48
8.146, 219.55, 250.13, 133.97, 147.60, 246.88, 60.43, 138.28, 247.97, 56.59
8.173, 250.13, 250.13, 78.00, 214.28, 241.51, 5.98, 199.63, 242.76, 15.74
8.201, 250.13, 250.13, -35.61, 205.97, 235.93, -106.04, 204.75, 237.24, -82.63
8.229, 250.13, 250.13, 234.26, 293.61, 231.28, 165.22, 276.46, 232.43, 117.37
8.256, 180.44, 250.13, 173.97, 212.44, 227.17, 106.45, 224.77, 228.18, 108.55
8.284, 132.45, 250.13, 133.61, 172.84, 222.03, 67.52, 182.84, 223.21, 75.42
8.311, -1.91, 250.13, 130.78, 27.29, 217.53, 66.12, 57.20, 218.62, 67.91
8.339, 25.96, 250.13, 70.93, 110.69, 213.10, 7.64, 100.40, 214.16, 19.23
8.366, 40.21, 250.13, 48.68, 57.47, 208.40, -13.27, 65.73, 209.51, -7.01
8.394, 3.63, 163.05, 1.40, -1.77, 118.55, -59.23, 11.22, 136.06, -49.17
8.422, 9.08, 117.80, 25.44, 25.15, 71.65, -33.89, 22.47, 84.05, -36.83
8.449, -58.59, -74.92, -64.42, -53.56, -118.67, -122.48, -38.93, -79.65, -105.99
8.477, -117.47, -149.52, -70.82, -114.79, -189.04, -127.64, -100.18, -167.97, -123.47
8.504, -121.43, -250.14, -141.21, -130.90, -283.38, -196.80, -124.99, -261.16, -182.69
8.532, -140.45, -250.14, -203.37, -117.21, -277.36, -257.76, -118.71, -274.24, -243.31
8.559, -209.39, -250.14, -105.71, -124.33, -271.33, -158.92, -123.25, -271.89, -175.17
8.587, -250.14, -250.14, -144.14, -153.31, -266.08, -196.21, -147.51, -267.20, -192.15
8.614, -250.14, -250.14, -167.10, -178.31, -261.15, -218.04, -172.36, -262.32, -213.04
8.642, -250.14, -250.14, -250.89, -149.30, -255.96, -300.73, -153.76, -257.18, -283.79
8.669, -250.14, -250.14, -250.89, -112.05, -250.02, -299.65, -120.07, -251.40, -296.60
8.697, -250.14, -250.14, -250.89, -108.10, -244.65, -298.58, -110.41, -245.95, -298.20
8.724, -250.14, -250.14, -250.89, -373.40, -239.50, -297.54, -322.77, -240.74, -297.67
8.752, -245.12, -250.14, -247.22, -347.39, -234.23, -292.85, -342.65, -235.49, -293.78
8.779, -133.77, -161.25, -112.98, -235.23, -142.01, -157.60, -255.92, -160.01, -183.83
8.807, -48.94, -95.10, -25.90, -141.67, -74.17, -69.56, -163.64, -90.68, -91.53
8.835, -5.66, -18.73, 55.23, -92.11, 2.19, 12.52, -105.84, -15.63, -7.45
8.862, 22.37, 43.24, 126.61, -56.02, 62.93, 84.88, -65.60, 47.83, 67.13
8.890, 116.70, 120.02, 191.51, 42.50, 137.03, 150.73, 21.67, 119.84, 134.61
8.917, 207.03, 157.68, 178.29, 131.81, 171.03, 138.42, 110.59, 161.16, 137.68
8.945, 250.13, 221.47, 189.56, 164.04, 229.77, 150.56, 153.76, 216.57, 148.08
8.973, 250.13, 242.47, 162.98, 154.14, 245.50, 124.84, 154.06, 239.94, 129.30
9.000, 250.13, 250.13, 97.87, 136.62, 247.87, 60.69, 139.99, 246.34, 73.96
9.028, 250.13, 250.13, 113.77, 127.04, 242.33, 77.33, 129.53, 243.10, 76.68
9.055, 250.13, 250.13, -18.92, 150.61, 237.02, -54.57, 146.56, 238.19, -29.37
9.083, 250.13, 250.13, 8.23, 293.08, 231.97, -26.56, 264.87, 233.17, -27.10
9.110, 250.13, 250.13, 42.80, 332.31, 227.42, 8.77, 319.35, 228.52, 1.87
9.138, 212.80, 250.13, -80.19, 256.77, 223.66, -113.37, 268.84, 224.60, -91.14
9.165, -13.69, 250.13, -123.59, 12.95, 219.08, -156.04, 62.23, 220.14, -143.54
9.193, -88.52, 250.13, 239.15, -59.58, 214.50, 207.39, -36.18, 215.58, 139.97
9.221, -81.15, 222.83, 132.76, -25.65, 183.45, 101.74, -27.67, 189.63, 109.09
9.248, -75.20, 171.15, 95.69, -57.07, 128.75, 65.44, -51.41, 140.47, 73.84
9.276, -210.16, -91.07, -35.97, -167.41, -130.75, -65.49, -145.06, -78.49, -38.65
9.303, -250.14, -215.02, -65.74, -215.91, -249.34, -94.60, -202.27, -216.44, -83.82
9.331, -250.14, -250.14, -250.89, -159.00, -278.65, -279.05, -167.33, -266.66, -241.45
9.358, -250.14, -250.14, -250.89, -112.73, -272.87, -278.32, -123.27, -271.67, -271.19
9.386, -153.53, -250.14, -250.89, -7.91, -267.50, -277.64, -30.22, -268.31, -276.39
9.413, -89.53, -250.14, -250.89, 54.23, -262.86, -277.14, 37.97, -263.91, -277.00
9.441, 5.43, -250.14, -250.89, 150.95, -257.41, -276.46, 129.17, -258.66, -276.56
9.468, -18.43, -250.14, -250.89, -146.10, -252.42, -275.87, -93.07, -253.63, -276.00
9.496, -126.59, -250.14, -104.39, -171.58, -246.98, -128.76, -156.45, -248.26, -157.13
9.524, -250.14, -250.14, 249.38, -103.31, -241.34, 225.56, -113.54, -242.67, 151.91
9.551, 113.63, -85.95, 104.83, 40.98, -74.46, 81.60, 11.24, -106.84, 95.13
9.579, 14.92, -23.77, -149.23, -69.14, -12.87, -171.95, -53.70, -30.92, -120.64
9.606, -2.19, -140.40, 103.66, -75.20, -126.28, 81.58, -71.06, -107.91, 42.63
9.634, 178.47, -150.23, -7.61, 100.36, -133.14, -29.17, 67.36, -128.28, -15.35
9.661, 250.13, -118.56, -143.33, 158.65, -99.32, -164.32, 141.06, -104.90, -135.62
9.689, 250.13, 2.18, -16.00, 142.98, 20.82, -36.49, 142.61, -3.39, -55.58
9.716, 241.50, -18.27, 17.81, 142.07, 0.53, -2.11, 142.17, -0.23, -12.42
9.744, 250.13, -1.56, -5.75, 157.30, 17.07, -25.04, 154.37, 13.72, -22.60
9.771, 250.13, 53.84, 47.36, 154.46, 70.82, 28.34, 154.44, 59.84, 18.55
9.799, 250.13, 83.16, 65.93, 149.30, 98.14, 47.42, 150.29, 90.77, 41.86
9.827, 250.13, 193.27, -48.87, 368.06, 203.61, -66.91, 326.17, 181.91, -45.99
9.854, 250.13, 250.13, -250.89, 261.53, 255.75, -268.43, 273.98, 241.53, -225.59
9.882, 250.13, 250.13, -250.89, 287.03, 251.03, -267.94, 284.51, 249.20, -259.78
9.909, 250.13, 250.13, -250.89, 266.45, 245.98, -267.50, 269.93, 246.60, -266.01
9.937, -73.81, 17.05, 107.98, -48.69, 12.55, 91.83, 12.74, 57.67, 22.84
9.964, -145.83, 120.18, 165.97, -122.65, 113.61, 150.11, -96.64, 102.86, 125.66
9.992, -199.59, -146.95, -217.36, -179.51, -150.58, -232.66, -163.54, -101.72, -163.59
10.019, -250.14, -250.14, 29.54, -207.52, -248.61, 14.66, -199.04, -220.30, -19.70
10.047, -250.14, -250.14, 107.88, -156.06, -242.91, 93.35, -164.33, -238.56, 71.59
10.076, -250.14, -250.14, -176.11, -200.96, -239.32, -191.84, -194.20, -239.18, -143.23
10.104, -250.14, -250.14, -27.54, -377.54, -233.69, -41.30, -342.34, -234.74, -60.87
10.131, -250.14, -217.31, -122.78, -359.38, -196.23, -136.10, -356.11, -203.64, -121.64
10.159, -250.14, -167.71, -102.66, -357.31, -143.78, -115.60, -357.08, -155.28, -116.76
10.186, -250.14, -196.68, -65.09, -337.69, -168.95, -77.67, -341.42, -166.32, -85.18
10.214, -82.57, -0.10, 10.14, -166.20, 27.11, -2.13, -199.84, -10.02, -18.07
10.242, 86.32, 99.53, 132.99, -6.76, 124.32, 121.13, -43.88, 98.50, 94.37
10.269, -43.05, 35.67, 239.99, -124.64, 59.51, 228.65, -109.05, 67.04, 202.73
10.297, 216.73, 84.31, 249.38, 140.05, 105.87, 238.19, 92.18, 98.41, 231.38
10.324, 250.13, 238.73, 249.38, 161.65, 254.98, 238.69, 148.25, 224.77, 237.28
10.352, 250.13, 250.13, 249.38, 151.71, 260.74, 238.91, 151.05, 253.82, 238.59
10.379, 250.13, 250.13, 205.20, 372.15, 255.52, 195.10, 329.56, 255.19, 203.48
10.407, 243.66, 250.13, -73.09, 334.54, 251.07, -82.92, 333.58, 251.87, -27.79
10.435, 250.13, 250.13, 198.05, 357.51, 246.08, 188.61, 352.89, 247.20, 146.87
10.462, 169.98, 250.13, 162.48, 247.84, 241.06, 153.25, 268.06, 242.24, 152.02
10.490, 16.70, 250.13, 249.38, 119.07, 236.44, 240.34, 147.68, 237.55, 223.38
10.517, 41.02, 250.13, 123.87, -91.29, 231.80, 115.24, -45.28, 232.91, 136.06
10.545, 33.31, 195.26, -25.15, 6.00, 173.26, -33.47, -3.88, 184.75, -0.82
10.572, -31.84, 89.48, 46.27, 41.58, 66.15, 38.17, 32.83, 88.96, 30.67
10.600, -63.85, -36.79, -21.05, -166.14, -59.03, -28.87, -127.86, -30.55, -17.41
10.628, -66.10, -162.08, -179.26, -151.94, -180.50, -186.80, -147.31, -151.64, -154.21
10.655, -63.98, -247.29, -166.78, -155.19, -260.32, -174.05, -153.67, -239.40, -170.23
10.683, -46.10, -250.14, -181.85, -141.72, -257.69, -188.90, -144.02, -254.17, -185.31
10.710, -3.35, -250.14, -250.89, -117.03, -252.47, -257.71, -122.22, -252.80, -243.79
10.738, -4.56, -250.14, -250.89, 67.22, -247.34, -257.42, 30.77, -248.39, -254.79
10.765, -52.24, -250.14, -178.75, 22.04, -242.82, -184.99, 23.72, -243.89, -198.44
10.793, -169.67, -250.14, 22.34, -87.71, -238.27, 16.27, -66.28, -239.35, -25.03
10.820, -250.14, -250.14, -250.89, -128.91, -233.41, -256.42, -116.78, -234.56, -211.61
10.848, -250.14, -250.14, -250.89, -113.17, -229.06, -256.52, -113.86, -230.12, -247.88
10.876, -250.14, -250.14, -234.48, -367.67, -224.30, -239.81, -318.78, -225.42, -241.37
10.903, -206.90, -241.97, -162.75, -296.47, -211.63, 99.33, -300.76, -214.28, 33.80
10.931, -144.72, -101.30, -36.08, -239.22, -69.40, 221.56, -251.06, -97.27, 185.44
10.958, -117.95, -83.84, 46.70, -214.13, -50.65, 32.86, -221.23, -59.61, 62.18
10.986, -190.85, -146.80, 249.38, -285.55, -111.18, 235.97, -273.16, -101.25, 202.50
11.014, -181.89, -29.72, 249.38, -253.22, 6.18, 236.29, -257.06, -14.50, 229.79
11.041, -130.97, 32.27, 123.84, -182.61, 67.25, 111.17, -196.97, 51.49, 134.04
11.069, 11.57, 166.70, 183.94, -51.85, 197.50, 171.55, -79.79, 169.39, 164.33
11.096, 0.66, 206.11, 226.95, -59.84, 232.30, 214.92, -63.68, 220.18, 205.18
11.124, 48.31, 90.17, 200.20, -3.54, 114.31, 188.49, -15.12, 134.70, 191.70
11.151, 250.13, 131.48, 249.38, 187.69, 152.41, 238.12, 148.47, 148.98, 229.15
11.179, 250.13, 250.13, 249.38, 175.46, 265.26, 238.19, 170.28, 242.93, 236.45
11.206, 250.13, 250.13, 235.95, 157.31, 259.92, 225.00, 159.79, 256.66, 227.19
11.234, 250.13, 250.13, 249.38, 160.02, 255.42, 238.90, 159.98, 255.66, 236.65
11.262, 250.13, 69.91, 249.38, 207.41, 73.53, 239.21, 198.28, 108.61, 238.72
11.289, 250.13, 250.13, -243.07, 182.15, 248.89, -253.00, 185.26, 221.91, -158.43
11.317, 250.13, 250.13, -250.89, 143.89, 244.25, -260.48, 151.86, 239.95, -240.84
11.344, 250.13, 250.13, 35.11, 292.49, 238.87, 25.80, 265.41, 239.08, -25.54
11.372, 138.76, 250.13, 65.65, 194.81, 233.41, 56.69, 208.43, 234.50, 40.82
11.399, 58.08, 250.13, 249.38, 163.47, 229.68, 240.57, 172.12, 230.61, 202.15
11.427, 41.27, 248.23, 249.38, 165.35, 223.45, 240.84, 166.65, 224.83, 233.40
11.455, 1.76, -7.60, -98.65, -119.22, -31.78, -107.02, -64.36, 17.47, -41.68
11.482, -2.36, -72.40, -167.84, 103.77, -94.64, -175.79, 71.36, -73.03, -149.94
11.510, -33.29, -250.14, -250.89, -157.58, -266.87, -258.70, -113.59, -229.62, -237.80
11.537, 3.76, -250.14, -148.29, -112.52, -261.50, -155.74, -112.72, -255.36, -171.56
11.565, -1.21, -250.14, -95.09, 116.26, -256.23, -102.37, 72.22, -256.06, -115.68
11.592, -35.74, -250.14, -204.16, 36.44, -251.22, -211.16, 43.33, -252.15, -192.78
11.620, -139.79, -250.14, -192.86, -50.82, -247.30, -199.66, -32.70, -248.24, -198.33
11.648, -250.14, -250.14, 101.99, -159.58, -242.63, 95.46, -135.13, -243.71, 38.86
11.675, -250.14, -250.14, 167.03, -356.99, -237.41, 160.62, -314.36, -238.62, 137.23
11.703, -250.14, -250.14, -250.89, -350.59, -232.62, -257.00, -343.61, -233.77, -181.11
11.730, -250.14, -250.14, -148.54, -349.02, -228.17, -154.54, -347.98, -229.25, -159.64
11.758, -250.14, -158.65, -67.55, -317.32, -133.51, -73.18, -323.23, -151.97, -89.85
11.785, -118.84, -36.02, 36.55, -179.93, -10.66, 31.06, -207.51, -37.86, 7.79
11.813, -51.65, 7.67, 98.09, -116.09, 32.44, 92.76, -133.67, 18.92, 76.42
11.841, -74.60, 0.42, 198.10, -131.10, 24.85, 193.09, -131.60, 23.71, 170.59
11.868, -38.32, 96.53, 249.38, -98.70, 118.65, 244.44, -105.02, 100.39, 230.24
11.896, -45.13, 124.92, 159.31, -97.07, 144.27, 154.61, -98.60, 135.82, 169.17
11.923, -10.07, 221.90, 210.16, -68.80, 236.51, 205.68, -74.55, 217.10, 198.64
11.951, 81.89, 250.13, 249.38, 27.90, 259.52, 245.01, 8.20, 251.36, 236.09
11.979, 153.24, 250.13, 249.38, 97.75, 254.25, 245.08, 80.57, 253.70, 243.35
12.006, 147.44, 250.13, 249.38, 86.58, 249.28, 245.41, 85.43, 250.13, 245.01
12.034, 65.96, 250.13, 249.38, 29.78, 244.94, 245.53, 40.48, 245.94, 245.43
12.061, 23.50, 135.73, 249.38, 1.36, 128.04, 245.85, 8.91, 150.79, 245.77
12.089, 138.36, 64.04, 249.38, 107.15, 55.07, 245.95, 88.22, 73.52, 245.92
12.116, 173.10, 123.07, 168.92, 131.37, 111.91, 165.54, 123.08, 104.53, 180.98
12.144, 84.69, 114.05, 74.70, 44.91, 100.84, 71.66, 60.00, 101.56, 92.76
12.171, 74.11, 84.76, 144.52, 34.09, 69.87, 141.46, 39.07, 75.96, 132.10
12.199, 74.68, 36.69, 208.79, 43.69, 21.50, 206.12, 42.80, 32.03, 191.81
12.227, 195.79, -16.74, 249.38, 175.59, -31.18, 246.45, 150.17, -19.08, 235.99
12.254, 160.98, -12.13, 249.38, 138.07, -26.10, 246.87, 140.40, -24.75, 244.77
12.282, 250.13, 215.02, -250.89, 190.10, 196.72, -253.51, 180.59, 154.31, -158.10
12.309, 250.13, 250.13, -201.39, 341.62, 227.38, -203.66, 310.63, 213.32, -194.89
12.337, 248.71, 228.93, 189.76, 300.30, 202.14, 187.68, 302.29, 204.29, 113.97
12.365, 75.91, 202.85, 249.38, 162.14, 172.95, 247.39, 189.12, 178.98, 221.71
12.392, 202.68, 96.77, 202.61, 79.99, 65.47, 200.74, 100.98, 87.30, 204.77
12.420, 215.27, 92.26, -5.87, 299.53, 59.64, -7.63, 261.34, 64.96, 33.22
12.447, 26.44, 35.43, 107.00, 96.74, 2.61, 105.42, 128.43, 14.61, 91.52
12.475, -105.82, -45.53, 34.24, -9.65, -76.67, 32.72, 16.89, -59.12, 44.02
12.503, -59.86, -55.46, 48.83, 17.33, -84.99, 47.52, 17.25, -80.00, 46.85
12.530, -248.18, -250.14, -108.75, -153.64, -274.17, -110.05, -120.81, -236.87, -79.91
12.558, -250.14, -250.14, -98.42, -151.83, -268.83, -99.44, -145.85, -262.66, -95.68
12.585, -250.14, -250.14, -250.89, -165.05, -263.52, -251.91, -161.35, -263.36, -221.85
12.613, -250.14, -250.14, -250.89, -145.42, -258.72, -251.81, -148.49, -259.61, -246.05
12.640, -250.14, -250.14, -250.89, -151.28, -254.23, -251.67, -150.74, -255.26, -250.59
12.668, -250.14, -250.14, 126.26, -172.40, -249.08, 125.66, -168.23, -250.27, 53.14
12.696, -250.14, -250.14, 231.43, -350.84, -243.92, 230.84, -315.72, -245.14, 196.67
12.723, -250.14, -250.14, -250.89, -318.40, -239.06, -251.34, -317.89, -240.23, -165.12
12.751, -239.72, 20.77, -106.71, -303.38, 31.00, -107.19, -306.17, -21.05, -118.30
12.778, -194.08, 143.61, 40.41, -256.13, 151.13, 40.14, -265.76, 118.01, 9.66
12.806, -143.60, 37.32, -78.56, -196.14, 44.09, -78.72, -209.53, 58.31, -61.72
12.834, 66.51, 75.02, 52.78, 10.98, 79.96, 52.66, -31.39, 75.80, 30.68
12.861, -79.78, 180.22, 249.38, -147.31, 181.68, 249.45, -124.99, 161.28, 207.31
12.889, -141.85, 51.74, -43.49, -189.39, 52.62, -43.26, -176.97, 73.58, 5.09
12.916, -109.31, 21.29, -0.01, -136.91, 21.73, 0.16, -144.61, 31.69, 1.10
12.944, -91.69, -55.39, -22.31, -125.41, -53.89, -21.99, -129.11, -37.41, -17.55
12.971, 147.40, -62.71, -38.68, 159.96, -60.28, -38.28, 104.30, -55.87, -34.28
12.999, 52.62, -105.60, -45.95, 10.72, -100.88, -45.52, 28.71, -92.23, -43.36
13.027, 89.26, -123.27, -40.87, 37.93, -116.25, -40.39, 36.16, -111.63, -40.96
13.054, 37.03, -132.37, -140.61, -24.80, -122.76, -139.92, -13.05, -120.62, -120.85
13.082, 224.57, -223.68, -38.41, 200.66, -210.42, -37.61, 159.44, -193.10, -53.66
13.109, 19.53, -171.25, -72.60, -36.84, -154.18, -71.79, 0.95, -161.67, -68.30
13.137, 206.47, -193.84, 77.74, 165.10, -173.77, 78.53, 133.57, -171.45, 50.32
13.164, -13.06, -106.44, -116.57, -73.19, -84.06, -115.59, -33.36, -100.89, -83.63
13.192, -0.22, 15.40, 22.88, -52.36, 36.85, 23.97, -48.70, 10.29, 3.22
13.220, -19.30, 65.89, -61.00, -77.46, 85.73, -60.07, -71.95, 71.26, -47.93
13.247, -3.12, -28.15, 44.06, -50.89, -8.00, 45.20, -54.95, 7.25, 27.28
13.275, -0.79, -2.80, 11.69, -48.89, 17.23, 13.00, -50.06, 15.31, 15.76
13.302, 2.10, 9.85, -25.40, -44.91, 29.43, -23.92, -45.91, 26.70, -16.25
13.330, -2.95, 3.50, -18.76, -49.41, 22.52, -17.41, -48.73, 23.32, -17.19
13.357, 0.49, -2.46, 7.16, -45.28, 16.25, 8.51, -45.95, 17.61, 3.57
13.385, -1.15, -2.04, 5.64, -46.15, 16.53, 7.18, -46.11, 16.74, 6.48
13.412, -1.08, 3.60, -12.05, -44.74, 21.74, -10.54, -45.00, 20.78, -7.26
13.440, -1.10, 2.86, -10.60, -44.14, 20.68, -8.99, -44.30, 20.70, -8.66
13.467, -1.14, -0.27, 0.34, -43.55, 17.21, 1.96, -43.70, 17.88, -0.08
13.495, -0.69, -0.28, 0.21, -42.56, 16.96, 1.90, -42.78, 17.14, 1.52
13.523, -1.06, 1.05, -5.42, -41.45, 17.94, -3.73, -41.71, 17.79, -2.72
13.550, -1.55, 1.48, -5.55, -42.26, 18.10, -3.79, -42.15, 18.04, -3.58
13.578, -0.94, 0.21, -2.93, -40.32, 16.53, -1.15, -40.67, 16.82, -1.62
13.605, -1.02, 0.21, -1.48, -39.62, 16.43, 0.60, -39.82, 16.50, 0.17
13.633, -1.02, 0.24, -3.00, -38.92, 16.08, -1.05, -39.09, 16.16, -0.82
13.660, -1.28, 0.35, -4.49, -38.51, 16.00, -2.39, -38.62, 16.03, -2.09
13.688, -1.10, 0.63, -3.48, -37.90, 15.99, -1.37, -38.04, 15.99, -1.51
13.715, -0.82, 0.05, -1.99, -36.87, 15.17, 0.18, -37.09, 15.33, -0.15
13.743, -1.15, -0.11, -1.42, -36.52, 14.75, 0.76, -36.63, 14.86, 0.59
13.770, 3.20, -0.50, -2.94, -32.24, 14.24, -0.56, -33.09, 14.36, -0.34
13.798, -0.85, 1.77, -3.42, -35.24, 16.23, -1.02, -34.82, 15.87, -0.89
13.825, -1.41, 2.15, -0.67, -34.88, 16.20, 1.57, -34.87, 16.14, 1.10
