0.000, -0.55, -1.32, 1.24, -1.65, -0.00, 0.00, -0.00, -0.00, 0.00
0.028, 0.44, -0.72, 5.52, -1.62, -0.01, 0.16, -1.31, -0.01, 0.13
0.056, -1.12, -0.17, -1.21, -2.00, -0.01, 0.12, -1.86, -0.01, 0.12
0.083, -1.55, 0.69, -2.97, -1.78, 0.01, 0.04, -1.79, 0.01, 0.06
0.111, -0.89, 0.08, -0.55, -1.76, 0.01, 0.02, -1.77, 0.01, 0.03
0.138, -0.44, -1.13, 2.88, -1.79, -0.01, 0.10, -1.79, -0.01, 0.09
0.166, -0.34, 0.37, 1.92, -1.93, -0.00, 0.16, -1.90, -0.00, 0.14
0.193, -2.12, 1.32, -5.36, -1.86, 0.03, 0.01, -1.87, 0.02, 0.04
0.221, -1.69, 0.30, -3.07, -1.68, 0.02, 97.98, -1.71, 0.02, 79.10
0.248, -0.34, -1.08, 2.37, -1.59, -0.01, 178.54, -1.61, -0.00, 159.47
0.277, -0.42, -1.12, 2.08, -1.55, -0.03, 149.94, -1.56, -0.02, 151.74
0.304, -0.31, 0.05, 1.10, -1.56, -0.02, 124.93, -1.56, -0.02, 130.11
0.331, -0.84, -1.02, -2.31, -1.63, -0.03, 103.70, -1.62, -0.03, 108.82
0.360, -1.95, -0.70, 1.48, -1.68, -0.03, 86.07, -1.66, -0.03, 90.37
0.387, -0.53, -0.76, 0.74, -1.67, -0.04, 71.18, -1.67, -0.03, 74.87
0.414, -0.44, 0.23, 0.80, -1.71, -0.02, 58.73, -1.70, -0.02, 61.87
0.441, -1.28, -0.50, -2.23, -1.78, -0.02, 48.26, -1.76, -0.02, 50.92
0.469, -0.64, -1.12, 1.87, -1.72, -0.03, 39.59, -1.73, -0.03, 41.80
0.496, -0.37, -0.44, 1.03, -1.68, -0.03, 32.27, -1.69, -0.03, 34.12
0.523, -1.11, -0.21, -2.44, -1.71, -0.02, 25.97, -1.71, -0.02, 27.54
0.551, -0.85, 0.01, -0.10, -1.61, -0.01, 20.67, -1.63, -0.01, 21.99
0.578, -0.79, -0.85, 0.62, -1.62, -0.02, 16.17, -1.62, -0.02, 17.29
0.606, -0.70, -0.31, -0.01, -1.58, -0.01, 12.31, -1.59, -0.01, 13.27
0.633, -1.24, 0.85, -3.46, -1.48, 0.02, 64.63, -1.50, 0.01, 54.74
0.661, -1.76, 0.08, -1.50, -1.46, 0.03, 110.24, -1.47, 0.02, 99.53
0.688, -1.41, -0.43, -0.74, -1.48, 0.02, 150.10, -1.48, 0.02, 140.35
0.716, -1.42, -0.69, -1.17, -1.47, 0.01, 185.02, -1.47, 0.01, 176.41
0.743, -0.12, 0.27, 1.88, -1.43, 0.02, 215.77, -1.44, 0.02, 208.19
0.771, -0.75, -1.51, 0.24, -1.34, -0.01, 242.82, -1.36, -0.00, 236.15
0.799, -0.57, -0.23, -0.02, -1.31, -0.00, 266.71, -1.32, -0.00, 260.84
0.826, -1.47, 0.64, -2.05, -1.39, 0.02, 287.73, -1.38, 0.02, 282.53
0.854, -1.21, -0.23, -0.97, -1.43, 0.02, 306.41, -1.42, 0.02, 301.81
0.881, -0.21, -0.79, 2.99, -1.40, 0.01, 323.08, -1.41, 0.01, 318.97
0.909, -1.33, -0.68, -1.91, -1.37, -0.00, 337.79, -1.38, 0.00, 334.16
0.936, -0.27, 1.01, 0.09, -1.41, 0.03, 350.91, -1.40, 0.03, 347.68
0.964, -0.62, -1.18, 1.19, -1.41, 0.01, 362.67, -1.40, 0.01, 359.78
0.991, -0.41, -0.62, 1.68, -1.49, -0.00, 373.16, -1.47, 0.00, 370.57
1.019, -0.89, 0.76, -4.13, -1.47, 0.03, 382.43, -1.47, 0.02, 380.15
1.047, -1.55, -0.50, -1.49, -1.47, 0.02, 391.19, -1.47, 0.02, 389.13
1.075, -0.71, -0.47, 2.26, -1.51, 0.01, 398.83, -1.50, 0.02, 396.98
1.103, -1.48, -1.00, -0.81, -1.48, -0.00, 405.47, -1.49, -0.00, 403.84
1.130, -1.58, -0.27, -1.45, -1.44, -0.00, 411.22, -1.45, -0.00, 409.78
1.157, -1.12, -0.34, 0.89, -1.43, -0.00, 416.40, -1.43, -0.00, 415.11
1.185, -0.27, -0.50, 0.64, -1.40, -0.01, 421.03, -1.41, -0.01, 419.88
1.212, -0.47, -0.47, 0.75, -1.37, -0.01, 425.17, -1.38, -0.01, 424.14
1.240, -0.71, -0.44, 0.83, -1.38, -0.01, 429.17, -1.38, -0.01, 428.22
1.268, -0.92, -0.56, -0.01, -1.37, -0.02, 432.64, -1.37, -0.02, 431.79
1.296, -0.31, -0.86, 1.56, -1.35, -0.03, 435.77, -1.36, -0.03, 435.01
1.323, -0.29, -0.83, 2.03, -1.34, -0.04, 438.47, -1.34, -0.03, 437.81
1.350, -0.90, -0.48, -0.95, -1.33, -0.04, 440.71, -1.33, -0.04, 440.15
1.378, -1.15, -0.08, -1.75, -1.34, -0.03, 442.65, -1.34, -0.03, 442.17
1.405, -0.89, -0.11, 0.47, -1.31, -0.02, 444.41, -1.31, -0.02, 443.98
1.432, -0.71, -0.46, 1.57, -1.30, -0.02, 445.96, -1.30, -0.02, 445.57
1.460, -1.44, -0.14, -0.31, -1.33, -0.01, 447.27, -1.32, -0.01, 446.94
1.487, -1.14, 0.15, -2.06, -1.33, 0.00, 448.36, -1.33, -0.00, 448.08
1.515, -1.23, -0.02, -0.62, -1.26, 0.01, 449.33, -1.27, 0.01, 449.09
1.542, -1.62, -0.15, -2.72, -1.32, 0.02, 450.06, -1.31, 0.01, 449.87
1.569, -0.10, -0.18, 0.18, -1.33, 0.02, 450.72, -1.33, 0.02, 450.56
1.596, -0.73, -0.85, 3.70, -1.35, 0.00, 451.35, -1.35, 0.01, 451.20
1.624, -1.64, 0.49, -1.84, -1.38, 0.02, 451.73, -1.37, 0.02, 451.63
1.651, -1.72, 0.56, -3.68, -1.40, 0.05, 451.96, -1.39, 0.04, 451.90
1.679, 0.16, -0.80, 2.26, -1.36, 0.03, 452.23, -1.37, 0.03, 452.17
1.706, -1.24, -1.27, -0.77, -1.34, 0.01, 452.35, -1.35, 0.01, 452.31
1.734, -0.82, 0.66, -1.92, -1.33, 0.03, 452.52, -1.33, 0.03, 452.48
1.762, -0.66, -0.32, 0.19, -1.40, 0.03, 452.60, -1.39, 0.03, 452.58
1.790, 0.07, -1.45, 2.88, -1.38, 0.00, 452.57, -1.38, 0.01, 452.57
1.818, 0.15, -1.02, 3.17, -1.39, -0.02, 452.49, -1.38, -0.01, 452.51
1.845, -1.24, 0.21, -0.40, -1.37, -0.00, 452.24, -1.37, -0.00, 452.29
1.873, -1.30, -0.01, -2.38, -1.39, 0.01, 451.88, -1.38, 0.01, 451.95
1.901, -0.33, -0.57, 2.07, -1.37, 0.00, 451.58, -1.38, 0.00, 451.65
1.928, -0.60, -0.62, 1.03, -1.39, -0.00, 451.21, -1.39, -0.00, 451.30
1.955, -1.27, -0.21, -3.09, -1.40, -0.00, 450.59, -1.40, -0.00, 450.73
1.983, -1.21, 0.00, -1.13, -1.37, 0.01, 450.07, -1.38, 0.01, 450.20
2.013, -0.78, -0.66, 0.22, -1.37, -0.00, 449.99, -1.37, -0.00, 450.02
2.041, -1.07, -1.08, -1.07, -1.38, -0.02, 449.33, -1.38, -0.02, 449.46
2.069, -0.71, -0.88, 1.20, -1.38, -0.03, 448.73, -1.38, -0.03, 448.87
2.097, -0.42, -1.56, 2.28, -1.36, -0.06, 448.13, -1.36, -0.06, 448.27
2.124, -1.47, -1.18, -0.53, -1.39, -0.08, 447.42, -1.39, -0.07, 447.59
2.152, -3.80, -0.34, -0.45, -1.46, -0.07, 446.69, -1.45, -0.07, 446.86
2.180, -0.96, -0.40, -2.20, -1.46, -0.07, 445.93, -1.46, -0.07, 446.11
2.208, -1.25, -0.98, 1.56, -1.45, -0.08, 445.11, -1.45, -0.08, 445.30
2.235, -0.95, 0.17, -0.62, -1.47, -0.06, 444.26, -1.47, -0.07, 444.46
2.263, -0.86, -0.41, 0.21, -1.53, -0.06, 443.44, -1.52, -0.06, 443.63
2.290, -0.37, -0.69, 1.10, -1.50, -0.06, 442.61, -1.50, -0.06, 442.80
2.318, -1.03, 0.12, -0.75, -1.54, -0.05, 441.73, -1.53, -0.05, 441.93
2.345, -1.34, 1.92, -1.72, -1.51, 0.02, 440.84, -1.51, 0.00, 441.05
2.373, -0.70, -0.32, 0.58, -1.47, 0.02, 439.95, -1.48, 0.01, 440.16
2.401, -0.26, -0.36, 1.46, -1.48, 0.02, 439.15, -1.48, 0.02, 439.34
2.429, -0.49, -0.04, -0.25, -1.47, 0.03, 438.33, -1.47, 0.02, 438.52
2.456, -1.07, -0.60, -0.88, -1.47, 0.02, 437.35, -1.47, 0.02, 437.58
2.483, -0.56, -0.14, 0.67, -1.46, 0.02, 436.41, -1.46, 0.02, 436.64
2.511, -0.97, 0.45, -1.92, -1.46, 0.04, 435.40, -1.46, 0.04, 435.64
2.538, -1.92, -0.24, -2.65, -1.48, 0.04, 434.37, -1.47, 0.04, 434.62
2.565, -0.39, -0.72, 2.80, -1.50, 0.03, 433.53, -1.50, 0.03, 433.74
2.593, -0.40, -1.02, 2.54, -1.51, 0.01, 432.68, -1.51, 0.02, 432.89
2.621, -0.81, 0.13, 1.58, -1.51, 0.03, 431.86, -1.51, 0.02, 432.05
2.649, -1.34, -0.09, -0.88, -1.55, 0.03, 430.94, -1.54, 0.03, 431.15
2.677, -1.03, -0.82, -0.39, -1.55, 0.02, 430.01, -1.55, 0.02, 430.22
2.704, -1.11, 0.06, -0.77, -1.54, 0.03, 429.06, -1.54, 0.03, 429.28
2.732, -1.81, 0.39, -3.06, -1.55, 0.05, 428.04, -1.55, 0.04, 428.28
2.760, -1.71, 0.59, -0.46, -1.63, 0.07, 427.10, -1.61, 0.07, 427.32
2.788, -1.03, -0.32, -0.73, -1.60, 0.07, 426.17, -1.60, 0.07, 426.39
2.816, -1.13, -0.73, 0.06, -1.58, 0.05, 425.25, -1.58, 0.06, 425.47
2.844, -1.46, 0.33, -2.30, -1.60, 0.07, 424.30, -1.60, 0.07, 424.52
2.872, -1.08, -0.12, 0.02, -1.59, 0.07, 423.37, -1.59, 0.07, 423.59
2.900, -0.45, -0.72, 0.77, -1.54, 0.06, 422.46, -1.55, 0.06, 422.67
2.928, -1.12, 0.01, -0.24, -1.53, 0.07, 421.53, -1.53, 0.07, 421.74
2.956, -1.17, -0.77, -0.01, -1.53, 0.05, 420.60, -1.53, 0.05, 420.82
2.984, -0.56, 0.24, 0.24, -1.53, 0.07, 419.68, -1.53, 0.06, 419.89
3.012, -1.30, -0.24, -1.94, -1.54, 0.07, 418.70, -1.54, 0.07, 418.93
3.040, -1.08, 0.47, -0.62, -1.56, 0.08, 417.76, -1.56, 0.08, 417.98
3.068, -0.85, -0.56, -0.71, -1.49, 0.07, 416.82, -1.51, 0.07, 417.04
3.097, -0.08, -0.14, 1.49, -1.50, 0.07, 416.00, -1.50, 0.07, 416.19
3.125, -0.73, -1.05, 2.22, -1.48, 0.05, 415.20, -1.49, 0.06, 415.39
3.154, -1.03, -0.30, -0.97, -1.53, 0.05, 414.26, -1.52, 0.05, 414.48
3.181, -0.75, 0.18, 0.19, -1.54, 0.06, 413.33, -1.53, 0.06, 413.55
3.209, -1.83, 0.50, -3.06, -1.59, 0.08, 412.31, -1.58, 0.08, 412.54
3.236, -1.41, 0.37, -4.59, -1.60, 0.09, 411.25, -1.60, 0.09, 411.50
3.263, -0.78, -1.49, 1.80, -1.63, 0.06, 410.35, -1.62, 0.06, 410.58
3.291, -0.46, -1.05, 2.47, -1.61, 0.04, 409.54, -1.61, 0.04, 409.74
3.319, -0.92, 0.48, 0.25, -1.60, 0.06, 408.67, -1.60, 0.05, 408.88
3.347, -1.41, -0.15, -2.52, -1.60, 0.06, 407.73, -1.60, 0.06, 407.95
3.375, -0.08, -0.91, 3.57, -1.60, 0.04, 406.95, -1.60, 0.04, 407.14
3.402, -0.67, -0.13, -0.13, -1.58, 0.04, 406.07, -1.58, 0.04, 406.28
3.430, -0.95, 0.79, -1.79, -1.57, 0.07, 405.15, -1.57, 0.06, 405.37
3.457, -0.52, 0.37, -0.96, -1.55, 0.08, 404.28, -1.55, 0.08, 404.49
3.485, -0.66, -1.03, 1.73, -1.56, 0.06, 403.47, -1.56, 0.06, 403.67
3.512, -1.09, -0.69, 1.76, -1.54, 0.05, 402.66, -1.54, 0.05, 402.86
3.539, -1.08, 0.63, -2.30, -1.53, 0.07, 401.77, -1.53, 0.06, 401.98
3.566, -1.24, 0.65, -4.26, -1.54, 0.09, 400.83, -1.53, 0.08, 401.05
3.594, -0.91, -0.68, 0.67, -1.54, 0.07, 400.05, -1.54, 0.08, 400.24
3.621, -0.81, -0.66, 0.35, -1.57, 0.06, 399.26, -1.56, 0.06, 399.45
3.649, -1.87, 0.37, -4.79, -1.55, 0.08, 398.35, -1.56, 0.07, 398.56
3.677, -1.36, -0.31, -0.20, -1.57, 0.07, 397.58, -1.57, 0.07, 397.77
3.704, -1.19, -1.35, 1.05, -1.55, 0.04, 396.84, -1.56, 0.05, 397.02
3.731, 0.27, -0.60, 3.32, -1.53, 0.03, 396.17, -1.53, 0.03, 396.33
3.759, -0.62, -0.57, 0.82, -1.51, 0.02, 395.45, -1.52, 0.02, 395.62
3.787, -0.72, -0.60, 0.71, -1.50, 0.01, 394.75, -1.50, 0.02, 394.91
3.815, -1.06, -0.08, 0.32, -1.50, 0.02, 394.04, -1.50, 0.02, 394.21
3.842, -1.24, -0.21, -2.44, -1.50, 0.02, 393.25, -1.50, 0.02, 393.44
3.870, -0.53, 0.85, -0.49, -1.49, 0.05, 392.53, -1.49, 0.04, 392.70
3.897, -0.85, -0.53, -0.78, -1.50, 0.04, 391.80, -1.50, 0.04, 391.97
3.924, -0.90, -1.56, 2.35, -1.47, 0.01, 391.17, -1.48, 0.01, 391.32
3.952, -1.40, -0.92, -0.97, -1.48, -0.01, 390.46, -1.48, -0.00, 390.63
3.979, -3.07, -0.14, -5.47, -1.53, -0.00, 389.64, -1.52, -0.00, 389.83
4.006, -2.32, 1.50, -6.65, -1.57, 0.04, 388.79, -1.56, 0.03, 388.99
4.034, -0.93, -0.41, -0.53, -1.57, 0.04, 388.12, -1.57, 0.04, 388.29
4.061, 1.39, -1.63, 7.76, -1.52, 0.00, 387.69, -1.53, 0.01, 387.81
4.088, 0.18, -1.65, 2.57, -1.50, -0.04, 387.13, -1.50, -0.03, 387.26
4.116, -1.59, -0.47, -2.44, -1.51, -0.04, 386.44, -1.51, -0.04, 386.60
4.143, -1.19, 0.69, -1.70, -1.52, -0.01, 385.78, -1.52, -0.02, 385.94
4.171, -0.66, 1.07, 0.29, -1.52, 0.03, 385.18, -1.52, 0.02, 385.33
4.198, -0.96, -0.86, -3.39, -1.50, 0.01, 384.50, -1.51, 0.01, 384.66
4.225, -1.04, -0.82, 0.24, -1.49, -0.01, 383.92, -1.49, -0.00, 384.06
4.253, -0.15, -1.33, 4.32, -1.48, -0.03, 383.46, -1.48, -0.03, 383.58
4.280, -1.15, -1.76, -0.13, -1.47, -0.07, 382.89, -1.47, -0.06, 383.02
4.307, -0.79, 1.05, 1.19, -1.46, -0.03, 382.37, -1.46, -0.04, 382.49
4.335, -0.91, -0.63, -0.45, -1.48, -0.04, 381.81, -1.47, -0.04, 381.94
4.362, -0.61, 0.11, 0.61, -1.47, -0.02, 381.29, -1.47, -0.03, 381.41
4.389, -0.79, 0.09, -0.63, -1.45, -0.01, 380.74, -1.46, -0.02, 380.87
4.416, -1.17, -0.31, -1.34, -1.47, -0.01, 380.19, -1.47, -0.01, 380.32
4.444, -0.96, -0.33, -1.41, -1.46, -0.01, 379.64, -1.46, -0.01, 379.77
4.472, -1.66, 0.38, -2.76, -1.50, 0.01, 379.08, -1.50, 0.00, 379.21
4.500, -0.75, 0.18, -0.34, -1.50, 0.02, 378.58, -1.50, 0.01, 378.70
4.527, -0.82, -0.43, -1.50, -1.50, 0.01, 378.06, -1.50, 0.01, 378.18
4.555, -0.28, 0.24, 1.96, -1.52, 0.03, 377.64, -1.52, 0.02, 377.75
4.583, -0.17, -1.09, 1.57, -1.50, 0.00, 377.22, -1.50, 0.01, 377.32
4.610, -1.19, -0.26, -1.33, -1.51, 0.01, 376.73, -1.51, 0.01, 376.84
4.637, -1.63, 0.21, -2.39, -1.49, 0.02, 376.21, -1.50, 0.02, 376.33
4.665, -0.07, -0.96, 2.42, -1.46, 0.00, 375.84, -1.47, 0.00, 375.93
4.692, -0.73, 0.90, -1.14, -1.50, 0.03, 375.37, -1.49, 0.03, 375.48
4.719, -1.14, 1.79, -0.88, -1.50, 0.09, 374.92, -1.50, 0.08, 375.03
4.747, -0.91, 0.34, -0.88, -1.53, 0.10, 374.49, -1.53, 0.09, 374.59
4.774, -3.05, 1.12, -6.59, -1.61, 0.13, 373.90, -1.59, 0.12, 374.03
4.802, -0.03, -0.51, 2.71, -1.57, 0.12, 373.57, -1.57, 0.12, 373.66
4.829, 0.54, -2.50, 4.78, -1.49, 0.05, 373.31, -1.51, 0.07, 373.38
4.856, -1.73, 0.21, -5.30, -1.51, 0.07, 372.78, -1.51, 0.07, 372.90
4.884, -2.85, 0.69, -4.73, -1.56, 0.09, 372.28, -1.55, 0.08, 372.40
4.911, 0.31, -0.01, 1.94, -1.53, 0.09, 371.97, -1.53, 0.09, 372.05
4.938, -1.56, -1.08, -1.21, -1.51, 0.06, 371.57, -1.51, 0.07, 371.67
4.966, 0.06, -0.12, -1.36, -1.48, 0.06, 371.19, -1.49, 0.07, 371.28
4.993, 0.53, -2.14, 4.23, -1.44, 0.01, 370.96, -1.45, 0.02, 371.02
5.020, 5.08, -2.35, 5.69, -1.34, -0.04, 370.78, -1.36, -0.03, 370.82
5.048, -0.72, -3.50, -4.81, -1.35, -0.12, 370.32, -1.35, -0.10, 370.41
5.075, -3.97, -7.58, -12.29, -1.44, -0.31, 369.66, -1.42, -0.27, 369.80
5.103, 49.31, 5.25, -250.50, 0.03, -0.12, 362.43, -0.25, -0.15, 363.85
5.130, 250.13, -18.53, 121.40, 5.00, -0.60, 365.46, 3.98, -0.51, 365.15
5.159, 250.13, -250.14, 110.52, 26.98, -7.32, 368.33, 22.68, -6.05, 367.73
5.187, 131.16, 142.16, 249.77, 29.46, -3.16, 357.18, 28.17, -3.71, 359.18
5.214, -147.60, 68.59, 25.71, 34.29, -1.23, 340.35, 33.10, -1.71, 344.02
5.241, -103.00, -116.81, -142.46, 29.41, -4.13, 319.57, 30.13, -3.66, 324.34
5.268, -250.14, -55.44, -13.30, 36.86, -5.31, 302.88, 35.55, -4.99, 307.07
5.295, -224.25, -104.10, 94.57, 40.11, -7.70, 289.70, 39.22, -7.17, 293.09
5.323, 19.78, 30.44, 42.48, 39.72, -6.52, 275.66, 39.63, -6.65, 279.03
5.350, -126.60, -28.88, 32.28, 48.50, -6.91, 261.88, 46.78, -6.86, 265.20
5.377, -173.15, 13.70, -46.35, 52.98, -6.17, 246.45, 51.78, -6.31, 250.07
5.405, -53.06, 26.79, 33.21, 48.98, -5.11, 233.71, 49.52, -5.34, 236.87
5.433, -63.15, -100.60, -87.88, 47.35, -7.48, 217.97, 47.76, -7.08, 221.52
5.461, 55.76, -24.48, -31.76, 47.87, -7.67, 204.40, 47.85, -7.55, 207.71
5.488, -32.00, 18.58, -59.15, 45.42, -6.73, 190.54, 45.89, -6.89, 193.85
5.516, -3.45, 12.66, 40.35, 43.86, -5.99, 179.87, 44.25, -6.17, 182.57
5.543, 16.60, -13.89, 20.97, 42.77, -5.98, 169.11, 43.06, -6.01, 171.70
5.571, -7.36, -0.70, -23.06, 41.35, -5.60, 157.56, 41.68, -5.68, 160.29
5.598, 208.51, -120.19, 61.99, 45.25, -8.39, 148.77, 44.56, -7.87, 150.99
5.626, -79.52, 58.15, 110.42, 39.61, -6.38, 141.71, 40.56, -6.67, 143.50
5.653, -250.14, 250.13, 249.77, 32.86, 0.60, 138.87, 34.34, -0.80, 139.77
5.681, -100.89, -81.47, -250.50, 29.70, -1.43, 122.68, 30.59, -1.31, 125.98
5.708, 250.13, -58.49, -23.66, 35.67, -2.79, 113.07, 34.69, -2.50, 115.56
5.735, 250.13, 138.87, -62.36, 55.77, 1.04, 102.80, 51.68, 0.35, 105.27
5.763, 220.82, 22.62, 81.48, 59.73, 1.71, 96.79, 58.17, 1.45, 98.44
5.790, 250.13, 16.69, -100.97, 64.68, 2.15, 86.15, 63.42, 2.02, 88.53
5.818, 250.13, 224.96, -207.84, 69.68, 8.03, 90.62, 68.48, 6.88, 90.22
5.846, 250.13, 250.13, -250.50, 72.15, 14.54, 93.29, 71.47, 13.11, 92.71
5.875, 181.98, 149.11, -157.80, 88.34, 17.99, 98.43, 85.16, 17.07, 97.35
5.902, 134.57, 153.43, -33.84, 90.94, 21.16, 106.91, 89.83, 20.37, 105.07
5.929, 188.24, 194.78, 6.35, 95.32, 25.11, 116.28, 94.24, 24.18, 114.08
5.956, 205.59, 250.13, 184.63, 100.68, 30.32, 130.17, 99.42, 29.12, 127.02
5.983, 165.10, 93.46, 39.50, 106.45, 31.25, 139.87, 105.07, 30.83, 137.35
6.010, 87.02, 102.53, 136.43, 109.83, 32.31, 151.91, 108.90, 32.02, 149.06
6.037, 116.43, 131.99, 95.27, 113.12, 34.06, 162.58, 112.29, 33.66, 159.93
6.064, 93.96, 91.15, 76.09, 116.28, 34.67, 154.70, 115.50, 34.47, 155.73
6.091, 18.15, 43.10, 59.73, 117.43, 33.99, 146.76, 117.05, 34.08, 148.51
6.118, 43.93, 60.04, 37.06, 118.45, 33.74, 138.56, 118.18, 33.80, 140.51
6.145, 81.99, 96.36, 19.71, 120.45, 34.40, 130.25, 120.00, 34.29, 132.26
6.172, 105.21, 77.41, 7.51, 123.14, 34.54, 121.94, 122.53, 34.49, 123.97
6.199, 75.85, 44.07, 34.40, 125.29, 33.79, 114.69, 124.75, 33.93, 116.51
6.226, 65.72, 33.02, 30.06, 126.63, 32.77, 107.64, 126.26, 32.99, 109.38
6.253, 93.10, 66.05, 40.94, 128.91, 32.61, 101.19, 128.39, 32.68, 102.80
6.280, 91.53, 59.73, 34.41, 131.23, 32.27, 94.87, 130.67, 32.35, 96.43
6.307, 96.52, 58.92, 24.45, 133.72, 31.92, 88.57, 133.12, 32.00, 90.11
6.334, 88.66, 62.46, 16.23, 136.14, 31.64, 82.32, 135.55, 31.71, 83.85
6.361, 91.20, 91.81, -31.81, 138.41, 32.11, 75.05, 137.85, 32.03, 76.77
6.387, 159.40, 90.84, -212.75, 141.23, 32.51, 63.17, 140.57, 32.41, 65.84
6.414, 124.27, 188.10, -250.50, 146.14, 35.33, 68.19, 145.05, 34.75, 67.73
6.441, 187.01, 250.13, 2.64, 148.51, 39.62, 79.68, 147.83, 38.66, 77.33
6.468, 72.82, -2.50, -250.50, 150.98, 37.20, 83.99, 150.36, 37.49, 82.69
6.495, 22.44, 176.85, 33.56, 150.66, 39.45, 95.63, 150.60, 39.07, 93.10
6.523, 17.96, 121.69, -41.09, 149.90, 40.25, 104.84, 150.03, 40.03, 102.60
6.552, -12.15, 139.65, -18.07, 148.13, 41.58, 114.33, 148.48, 41.29, 112.16
6.579, 20.64, 130.98, 14.73, 147.59, 42.36, 124.56, 147.77, 42.15, 122.12
6.606, 25.26, 124.44, 12.41, 146.95, 42.91, 134.41, 147.11, 42.76, 132.00
6.633, 4.14, 97.67, 7.25, 145.99, 42.71, 143.82, 146.21, 42.72, 141.50
6.660, -9.39, 83.39, -4.45, 145.06, 42.13, 152.61, 145.28, 42.25, 150.44
6.687, -25.11, 56.44, -11.02, 143.83, 40.86, 160.95, 144.12, 41.13, 158.89
6.714, -34.31, 17.92, 18.87, 142.18, 38.63, 169.81, 142.56, 39.12, 167.67
6.741, -32.12, -39.56, 50.03, 139.60, 35.01, 179.24, 140.18, 35.82, 176.97
6.768, -44.92, -92.79, 57.60, 138.49, 30.18, 188.61, 138.82, 31.28, 186.34
6.795, -80.61, -228.62, -27.91, 137.50, 22.06, 195.42, 137.76, 23.86, 193.64
6.822, -106.89, -250.14, 22.74, 135.40, 13.79, 203.34, 135.86, 15.76, 201.44
6.849, -161.44, -250.14, -3.90, 135.89, 5.91, 210.30, 135.88, 7.84, 208.57
6.876, -170.65, -250.14, -42.13, 134.40, -1.55, 216.00, 134.69, 0.29, 214.54
6.903, -219.24, -250.14, -70.84, 131.37, -8.69, 220.69, 132.02, -6.93, 219.48
6.930, -250.14, -250.14, -83.94, 128.83, -15.47, 224.80, 129.45, -13.79, 223.76
6.957, -250.14, -250.14, -86.12, 129.72, -21.98, 228.63, 129.66, -20.38, 227.67
6.984, -250.14, -250.14, -200.39, 117.42, -28.17, 229.17, 119.82, -26.65, 228.87
7.011, -250.14, -250.14, -193.99, 105.50, -34.13, 229.62, 108.28, -32.68, 229.47
7.039, -250.14, -250.14, -120.99, 94.22, -39.77, 231.86, 96.95, -38.40, 231.40
7.066, -250.14, -250.14, -106.17, 83.76, -45.09, 234.33, 86.33, -43.79, 233.76
7.093, -195.15, -139.78, 69.88, 75.52, -47.24, 241.40, 77.62, -46.57, 239.91
7.120, -234.98, -166.11, 121.81, 66.76, -49.92, 249.70, 68.87, -49.27, 247.80
7.147, -95.99, -102.82, 224.44, 61.75, -50.74, 260.53, 63.15, -50.45, 258.03
7.174, -228.31, -65.88, 249.77, 53.36, -50.56, 271.96, 55.26, -50.54, 269.25
7.203, -119.36, -76.40, 249.77, 48.56, -50.76, 283.75, 49.79, -50.72, 281.07
7.232, -39.26, -26.84, -36.11, 45.38, -49.50, 287.07, 46.21, -49.73, 285.94
7.259, 96.41, 55.80, 164.92, 46.95, -46.08, 295.73, 46.80, -46.79, 293.83
7.286, 250.13, 39.02, 151.14, 52.85, -43.22, 303.84, 51.67, -43.91, 301.89
7.313, 79.42, -113.07, 158.65, 53.43, -44.37, 294.19, 53.09, -44.28, 295.70
7.340, 220.35, 3.82, 106.48, 57.38, -42.44, 283.59, 56.54, -42.80, 285.96
7.367, 250.13, 0.58, -153.23, 61.78, -40.65, 266.45, 60.76, -41.07, 270.28
7.394, 250.13, 96.13, -137.17, 65.89, -36.49, 267.91, 64.88, -37.39, 268.37
7.421, 250.13, 215.65, -223.35, 69.68, -29.45, 266.86, 68.74, -31.01, 267.16
7.448, 250.13, 250.13, -211.48, 72.45, -21.87, 265.95, 71.72, -23.66, 266.19
7.475, 250.13, 250.13, -250.50, 74.33, -14.61, 263.81, 73.82, -16.38, 264.28
7.502, 250.13, 250.13, -250.50, 74.85, -7.63, 261.50, 74.65, -9.35, 262.05
7.529, 52.86, 250.13, 249.77, 84.74, -1.02, 272.51, 82.76, -2.66, 270.45
7.556, -10.69, 250.13, 22.27, 92.11, 5.28, 277.23, 90.27, 3.72, 275.90
7.583, -59.99, 250.13, 234.29, 100.46, 11.30, 287.53, 98.47, 9.82, 285.25
7.610, -70.89, 250.13, 146.82, 94.55, 17.01, 295.31, 95.32, 15.60, 293.33
7.637, -86.63, 250.13, 131.28, 89.43, 22.44, 302.52, 90.59, 21.10, 300.72
7.663, -68.95, 250.13, 101.11, 85.45, 27.57, 308.79, 86.46, 26.30, 307.21
7.690, -69.10, 169.69, 103.76, 81.13, 30.37, 297.33, 82.18, 29.57, 299.27
7.717, -21.39, 128.74, 112.92, 79.43, 31.97, 286.59, 79.97, 31.50, 289.08
7.744, -21.76, 46.57, 28.57, 77.06, 31.36, 274.04, 77.63, 31.38, 276.99
7.771, -9.83, 15.53, 21.86, 75.79, 29.96, 261.74, 76.15, 30.24, 264.73
7.798, -13.97, -35.73, -20.37, 73.26, 27.29, 248.74, 73.82, 27.87, 251.88
7.825, -9.38, -44.72, -32.64, 71.08, 24.49, 235.83, 71.62, 25.15, 238.97
7.852, -12.10, -54.01, -57.84, 69.83, 21.58, 222.65, 70.18, 22.29, 225.86
7.879, -54.34, -76.18, -94.36, 67.72, 18.22, 226.51, 68.20, 19.02, 226.38
7.907, -26.68, -62.69, -38.06, 65.95, 15.26, 231.62, 66.37, 15.97, 230.63
7.935, -26.21, -101.73, -91.02, 64.07, 11.49, 235.13, 64.51, 12.35, 234.26
7.962, -8.43, -148.93, -42.83, 63.40, 6.68, 239.77, 63.61, 7.78, 238.70
7.989, -3.72, -212.11, -101.52, 62.83, 0.46, 242.62, 62.98, 1.88, 241.86
8.016, -2.96, -250.14, -139.07, 62.95, -6.43, 244.25, 62.95, -4.82, 243.79
8.044, -3.79, -231.65, -80.76, 63.29, -12.51, 247.30, 63.23, -11.01, 246.62
8.071, -7.59, -250.14, -58.13, 63.17, -18.76, 250.78, 63.18, -17.26, 249.97
8.098, -35.92, -250.14, -146.72, 62.52, -24.65, 251.69, 62.65, -23.21, 251.35
8.126, -20.25, -250.14, -214.60, 62.97, -30.31, 250.53, 62.91, -28.93, 250.69
8.153, -54.16, -250.14, -189.29, 64.15, -35.62, 249.93, 63.91, -34.32, 250.08
8.180, -39.09, -250.14, -116.17, 64.18, -40.64, 251.17, 64.13, -39.41, 250.96
8.207, -105.75, -250.14, -242.57, 62.10, -45.40, 248.79, 62.49, -44.24, 249.21
8.234, 0.98, -250.14, -250.50, 59.78, -49.89, 246.13, 60.31, -48.78, 246.74
8.261, -119.28, -250.14, -97.74, 68.48, -54.17, 247.41, 66.89, -53.13, 247.28
8.289, -141.19, -250.14, -41.00, 59.41, -58.22, 250.10, 60.87, -57.23, 249.55
8.316, -226.07, -250.14, 107.29, 48.92, -62.02, 256.68, 51.24, -61.09, 255.29
8.343, -250.14, -250.14, 153.17, 39.67, -65.51, 264.33, 41.93, -64.65, 262.56
8.370, -131.95, -195.82, 249.77, 34.36, -67.38, 274.45, 35.84, -66.84, 272.12
8.397, -119.37, -174.27, 249.77, 30.11, -68.54, 284.44, 31.23, -68.21, 282.02
8.424, -71.85, -65.11, 101.74, 27.13, -66.79, 290.31, 27.93, -67.07, 288.68
8.451, -64.63, -10.21, 153.02, 24.48, -63.66, 297.49, 25.15, -64.32, 295.78
8.478, 47.34, -11.89, 45.06, 25.04, -60.67, 301.60, 25.06, -61.39, 300.46
8.505, -44.06, -17.78, 108.42, 22.75, -57.94, 307.27, 23.20, -58.62, 305.93
8.532, -18.73, -25.73, 83.04, 21.69, -55.49, 312.17, 21.99, -56.10, 310.94
8.559, 96.71, 1.69, 8.77, 23.81, -52.42, 314.96, 23.46, -53.14, 314.18
8.587, 187.08, 24.49, -97.48, 28.19, -48.84, 314.75, 27.28, -49.67, 314.64
8.614, 240.10, 60.24, -78.68, 33.24, -44.51, 314.97, 32.08, -45.51, 314.91
8.641, 193.57, 68.68, -0.28, 36.82, -40.14, 317.22, 35.89, -41.20, 316.77
8.668, 250.13, 123.31, -66.44, 41.91, -34.56, 317.59, 40.73, -35.86, 317.43
8.695, 250.13, 250.13, -250.50, 46.16, -25.96, 312.88, 45.10, -27.90, 313.77
8.722, 250.13, 250.13, -143.67, 50.07, -17.80, 310.99, 49.10, -19.78, 311.53
8.749, 250.13, 250.13, -250.50, 53.33, -10.03, 306.13, 52.50, -11.94, 307.19
8.776, 220.12, 250.13, -250.50, 54.64, -2.60, 301.20, 54.22, -4.44, 302.37
8.803, 129.79, 250.13, 94.19, 53.41, 4.46, 305.48, 53.57, 2.72, 304.87
8.830, 88.40, 250.13, 14.29, 60.20, 11.23, 307.52, 58.90, 9.56, 307.00
8.857, 24.75, 250.13, 111.12, 61.73, 17.68, 312.10, 61.18, 16.09, 311.10
8.884, 29.29, 250.13, 131.41, 62.11, 23.80, 317.15, 61.93, 22.29, 315.97
8.911, 18.76, 250.13, 120.32, 63.57, 29.61, 321.84, 63.25, 28.18, 320.69
8.938, -11.89, 250.13, 21.44, 64.18, 35.11, 323.79, 64.00, 33.75, 323.18
8.965, -104.07, 241.41, 73.60, 63.53, 40.09, 327.08, 63.62, 38.85, 326.32
8.992, -106.48, 234.86, 53.19, 61.18, 44.63, 329.75, 61.66, 43.50, 329.08
9.019, -110.18, 200.08, 14.25, 58.96, 48.01, 331.32, 59.49, 47.13, 330.88
9.046, -51.65, 150.82, 46.19, 58.92, 49.92, 333.68, 59.03, 49.37, 333.13
9.073, -45.94, 89.98, 17.12, 57.58, 50.14, 335.20, 57.86, 49.99, 334.79
9.099, -25.23, 68.54, 30.53, 57.06, 49.75, 337.02, 57.21, 49.80, 336.58
9.127, -12.57, 35.61, 32.15, 57.22, 48.52, 338.86, 57.22, 48.77, 338.41
9.154, -17.10, 16.82, 56.30, 56.48, 46.82, 341.27, 56.62, 47.20, 340.71
9.181, -6.50, 14.99, -24.18, 55.95, 45.12, 341.47, 56.08, 45.53, 341.32
9.208, -11.59, 39.89, 21.58, 55.44, 44.10, 342.85, 55.57, 44.38, 342.55
9.235, -18.50, 26.98, -17.65, 54.82, 42.77, 343.13, 54.97, 43.09, 343.02
9.262, -19.39, 46.89, 55.14, 54.07, 42.01, 345.37, 54.25, 42.22, 344.91
9.290, -20.16, 11.00, 19.90, 53.19, 40.32, 346.61, 53.39, 40.68, 346.28
9.317, -13.95, -53.99, 20.77, 52.57, 36.99, 347.81, 52.73, 37.71, 347.51
9.344, -3.63, -142.62, -72.49, 51.64, 31.56, 346.44, 51.85, 32.77, 346.65
9.371, -15.61, -205.53, -98.54, 51.05, 24.73, 344.32, 51.21, 26.30, 344.78
9.398, -8.95, -250.14, -171.68, 50.33, 17.08, 340.20, 50.50, 18.89, 341.10
9.425, -11.99, -250.14, -141.57, 49.75, 9.80, 336.85, 49.90, 11.58, 337.68
9.452, -22.32, -250.14, -145.77, 49.23, 2.86, 333.35, 49.36, 4.56, 334.20
9.479, -42.76, -250.14, -196.93, 46.11, -3.74, 328.44, 46.75, -2.11, 329.57
9.506, -70.59, -250.14, -172.56, 45.64, -10.02, 324.16, 45.86, -8.47, 325.21
9.533, -108.02, -250.14, -193.42, 44.63, -15.99, 319.28, 44.87, -14.52, 320.44
9.560, -112.53, -250.14, -211.53, 43.31, -21.68, 313.88, 43.61, -20.28, 315.17
9.587, -138.17, -250.14, -110.43, 38.77, -27.12, 311.19, 39.72, -25.78, 311.97
9.614, -103.22, -250.14, -70.13, 34.80, -32.30, 309.56, 35.76, -31.02, 310.03
9.641, -198.99, -250.14, 107.35, 27.52, -37.20, 312.69, 29.14, -35.99, 312.17
9.668, -205.95, -250.14, 92.54, 21.35, -41.81, 315.39, 22.88, -40.67, 314.76
9.695, -242.42, -248.25, 165.66, 13.90, -46.12, 320.06, 15.65, -45.05, 319.02
9.722, -232.40, -161.88, 37.83, 7.90, -47.95, 321.24, 9.42, -47.38, 320.81
9.749, -114.74, -81.87, 33.02, 4.69, -47.60, 322.27, 5.61, -47.56, 321.99
9.776, -204.53, -113.47, 90.54, -0.45, -48.06, 324.86, 0.73, -47.96, 324.30
9.803, -147.97, -82.21, -2.07, -3.81, -47.63, 324.91, -2.92, -47.70, 324.79
9.830, -130.34, -32.72, 102.71, -6.26, -45.92, 327.77, -5.61, -46.27, 327.19
9.857, 10.46, -10.14, 88.06, -5.13, -43.67, 330.22, -5.23, -44.18, 329.62
9.884, 158.63, 24.11, 79.90, -0.24, -40.62, 332.42, -1.22, -41.31, 331.87
9.911, 226.45, 19.76, 93.09, 6.23, -37.79, 334.99, 4.78, -38.47, 334.38
9.938, 250.13, 60.31, 91.03, 12.90, -34.03, 337.47, 11.31, -34.89, 336.87
9.966, 250.13, 126.64, 15.54, 19.12, -28.63, 337.93, 17.62, -29.83, 337.72
9.993, 250.13, 246.53, -117.03, 24.56, -20.49, 334.75, 23.20, -22.32, 335.33
10.020, 250.13, 250.13, 28.39, 29.68, -12.61, 335.50, 28.42, -14.50, 335.47
10.047, 250.13, 250.13, -58.25, 35.57, -5.16, 333.89, 34.17, -6.99, 334.20
10.074, 250.13, 250.13, -205.06, 40.18, 1.90, 328.33, 39.00, 0.15, 329.49
10.101, 250.13, 250.13, -250.50, 43.20, 8.74, 321.46, 42.38, 7.07, 323.02
10.128, -1.40, 250.13, 143.89, 52.60, 15.18, 325.27, 50.60, 13.59, 324.83
10.155, -37.00, 250.13, 82.08, 51.46, 21.34, 327.41, 51.30, 19.83, 326.91
10.182, -20.27, 250.13, 16.10, 52.55, 27.19, 327.75, 52.30, 25.74, 327.59
10.209, -55.63, 250.13, 100.11, 52.77, 32.73, 330.35, 52.68, 31.36, 329.81
10.236, -132.62, 250.13, 77.41, 48.58, 38.02, 332.35, 49.38, 36.73, 331.86
10.263, -8.18, 212.87, 121.26, 49.05, 42.04, 335.52, 49.12, 41.00, 334.80
10.290, -37.91, 135.41, 60.22, 48.30, 43.82, 337.02, 48.46, 43.27, 336.58
10.317, -36.31, 102.01, 58.03, 46.89, 44.62, 338.45, 47.20, 44.35, 338.08
10.344, -33.21, 76.96, 66.94, 46.41, 44.72, 340.14, 46.57, 44.65, 339.74
10.371, -39.69, 37.67, 25.48, 45.86, 43.75, 340.68, 46.00, 43.93, 340.49
10.398, -21.55, 21.89, 10.71, 45.31, 42.39, 340.81, 45.44, 42.69, 340.75
10.425, -9.15, 17.06, 80.78, 44.81, 40.94, 342.83, 44.94, 41.29, 342.42
10.452, -14.26, -55.31, 38.04, 44.42, 37.69, 343.69, 44.52, 38.39, 343.44
10.479, 17.50, -119.24, -50.16, 44.48, 32.90, 342.16, 44.49, 33.97, 342.41
10.506, -4.26, -232.73, -93.80, 44.58, 25.43, 339.46, 44.56, 27.10, 340.04
10.533, -12.02, -250.14, -194.70, 42.32, 17.87, 334.03, 42.76, 19.68, 335.21
10.560, -33.93, -250.14, -250.50, 38.51, 10.66, 327.09, 39.35, 12.43, 328.68
10.587, -24.49, -250.14, -250.50, 50.82, 3.81, 320.15, 48.57, 5.49, 321.82
10.614, 19.15, -250.14, -250.50, 56.26, -2.74, 313.18, 54.76, -1.13, 314.87
10.642, -24.90, -250.14, -250.50, 67.86, -9.14, 306.05, 65.35, -7.61, 307.74
10.670, -20.14, -250.14, -250.50, 79.32, -15.23, 298.98, 76.62, -13.76, 300.67
10.697, -54.79, -250.14, -107.30, 89.36, -20.95, 295.87, 86.88, -19.55, 296.80
10.724, -146.89, -250.14, -42.99, 79.58, -26.29, 294.52, 81.02, -24.97, 294.97
10.751, -250.14, -250.14, 163.80, 67.81, -31.45, 298.79, 70.38, -30.19, 298.05
10.778, -250.14, -250.14, -108.08, 58.69, -36.33, 295.65, 60.96, -35.14, 296.11
10.806, -178.94, -152.30, 125.21, 51.38, -38.41, 298.87, 53.24, -37.78, 298.33
10.833, -192.48, -208.11, 53.43, 44.76, -41.78, 300.13, 46.40, -41.00, 299.78
10.860, -128.60, -112.06, -0.13, 39.57, -42.47, 299.92, 40.90, -42.19, 299.89
10.887, -120.96, -77.47, 48.02, 35.12, -42.19, 301.03, 36.24, -42.19, 300.81
10.915, -48.33, -57.18, 30.02, 32.83, -41.36, 301.66, 33.49, -41.52, 301.49
10.943, 7.08, -6.92, 156.90, 32.05, -39.24, 305.85, 32.33, -39.67, 305.02
10.971, 116.27, -12.46, 129.17, 34.62, -37.32, 309.26, 34.18, -37.77, 308.45
10.998, 250.13, 81.56, 64.16, 40.15, -33.03, 310.81, 38.99, -33.94, 310.35
11.026, 250.13, 210.84, -53.44, 44.74, -25.50, 309.13, 43.64, -27.12, 309.37
11.053, 250.13, 250.13, 14.06, 48.12, -17.30, 309.32, 47.26, -19.19, 309.33
11.081, 250.13, 250.13, 12.90, 51.33, -9.47, 309.48, 50.55, -11.34, 309.45
11.108, 250.13, 250.13, -51.79, 55.04, -2.05, 307.85, 54.17, -3.83, 308.16
11.136, 250.13, 250.13, -229.83, 73.36, 5.07, 301.26, 69.69, 3.37, 302.58
11.164, 17.67, 250.13, -26.39, 84.38, 11.89, 300.33, 81.57, 10.26, 300.76
11.192, -157.66, 250.13, -21.65, 87.79, 18.36, 299.54, 86.60, 16.81, 299.77
11.220, -214.97, 250.13, -250.50, 81.41, 24.52, 292.36, 82.40, 23.05, 293.77
11.247, -96.22, 250.13, 249.77, 80.85, 30.25, 298.99, 81.15, 28.85, 297.98
11.275, -209.05, 245.79, 174.14, 74.13, 35.68, 303.65, 75.47, 34.38, 302.57
11.303, -67.25, 250.13, 249.77, 69.95, 40.93, 310.43, 71.00, 39.68, 308.93
11.331, -202.45, 250.13, 5.25, 63.59, 46.00, 310.39, 64.98, 44.81, 310.12
11.359, -66.09, 112.67, 79.10, 60.66, 47.01, 312.41, 61.48, 46.59, 311.97
11.387, 25.31, 51.34, 42.77, 60.14, 46.27, 313.39, 60.40, 46.33, 313.11
11.414, -29.82, -21.11, -147.97, 58.38, 43.64, 309.16, 58.77, 44.17, 309.93
11.441, 132.85, -47.86, 13.82, 60.64, 40.42, 309.35, 60.28, 41.14, 309.46
11.468, 176.14, -74.62, -99.34, 63.86, 36.63, 306.45, 63.16, 37.51, 307.03
11.496, 241.58, -115.47, -144.29, 68.81, 31.95, 302.33, 67.72, 33.03, 303.24
11.523, 250.13, -217.95, 57.53, 72.95, 24.76, 303.74, 71.94, 26.34, 303.64
11.551, 250.13, -250.14, 81.10, 76.07, 17.16, 305.77, 75.27, 18.94, 305.35
11.578, 204.88, -250.14, 101.42, 78.33, 9.95, 308.34, 77.73, 11.70, 307.76
11.605, 52.98, -250.14, 83.28, 82.38, 3.04, 310.43, 81.48, 4.72, 309.91
11.632, 250.13, -250.14, 129.12, 90.32, -3.56, 313.81, 88.61, -1.96, 313.06
11.660, 30.20, -250.14, 186.95, 99.85, -9.83, 318.77, 97.68, -8.31, 317.67
11.687, -144.22, -250.14, 249.77, 102.57, -15.80, 325.46, 101.62, -14.36, 323.96
11.715, -250.14, -250.14, 249.77, 105.65, -21.51, 332.18, 104.87, -20.13, 330.59
11.742, -250.14, -250.14, -139.30, 92.13, -26.94, 328.19, 94.59, -25.62, 328.65
11.770, -250.14, -250.14, -225.89, 80.35, -32.06, 321.83, 83.10, -30.82, 323.15
11.797, -250.14, -168.52, 179.50, 70.41, -34.79, 326.61, 72.86, -34.03, 325.94
11.825, -210.05, -20.34, -25.30, 62.08, -33.49, 325.76, 64.17, -33.59, 325.79
11.852, -206.05, -1.85, 97.92, 53.33, -31.73, 328.29, 55.42, -32.09, 327.81
11.880, -250.14, -39.62, 191.84, 44.03, -31.01, 333.41, 46.23, -31.22, 332.33
11.907, -250.14, -217.04, -189.20, 35.73, -34.94, 328.06, 37.75, -34.22, 328.89
11.935, -39.97, -11.05, 249.77, 33.21, -33.28, 334.80, 34.09, -33.46, 333.66
11.962, 159.27, 112.49, 191.12, 35.59, -28.45, 339.90, 35.30, -29.41, 338.70
11.990, 83.66, 42.79, 205.18, 35.65, -25.65, 345.40, 35.59, -26.37, 344.11
12.018, 99.55, 131.03, 219.01, 37.01, -20.53, 351.48, 36.74, -21.63, 350.09
12.046, 250.13, 250.13, 125.89, 41.86, -12.43, 354.93, 40.90, -14.15, 354.02
12.073, 250.13, 250.13, -51.86, 44.55, -5.05, 353.39, 43.84, -6.83, 353.51
12.101, 250.13, 250.13, -26.59, 62.26, 2.02, 352.53, 58.69, 0.31, 352.72
12.128, -76.16, 250.13, -67.74, 58.05, 8.78, 350.54, 58.17, 7.14, 350.96
12.156, 134.67, 250.13, 80.15, 58.76, 15.22, 352.62, 58.65, 13.67, 352.30
12.183, 112.70, 250.13, 215.82, 71.97, 21.38, 358.44, 69.41, 19.90, 357.26
12.211, -112.56, 110.13, -143.49, 67.00, 23.58, 354.37, 67.47, 22.87, 354.92
12.238, -11.89, 250.13, 249.77, 65.02, 29.31, 361.16, 65.49, 28.07, 359.96
12.266, -58.51, 168.83, 158.77, 62.91, 32.64, 347.58, 63.40, 31.76, 349.95
12.294, -23.51, 224.82, 160.43, 60.54, 37.18, 334.62, 61.10, 36.13, 337.58
12.321, -56.08, 177.47, 27.23, 59.81, 40.30, 318.59, 60.05, 39.51, 322.21
12.349, -14.88, 117.76, 175.95, 58.52, 41.66, 307.28, 58.81, 41.25, 310.13
12.377, -32.26, 72.87, -81.86, 57.15, 41.71, 289.36, 57.46, 41.63, 293.34
12.405, -5.01, 30.92, -43.75, 56.05, 40.62, 273.04, 56.32, 40.81, 276.93
12.432, 40.11, 4.10, 10.28, 56.25, 38.84, 258.74, 56.26, 39.22, 262.23
12.460, 41.71, -28.73, -3.70, 56.11, 36.26, 244.58, 56.14, 36.83, 247.96
12.488, 80.74, -70.14, -94.55, 56.94, 32.67, 228.37, 56.79, 33.46, 232.11
12.516, 129.56, -123.49, -173.52, 59.43, 27.82, 210.44, 58.93, 28.90, 214.57
12.544, 219.58, -236.69, -159.52, 64.34, 20.20, 211.28, 63.30, 21.86, 211.91
12.572, 250.13, -250.14, -139.97, 72.49, 12.55, 212.52, 70.75, 14.32, 212.40
12.600, 250.13, -250.14, 249.77, 74.56, 5.30, 224.51, 73.83, 7.02, 222.20
12.628, 150.61, -250.14, -250.50, 74.89, -1.59, 222.38, 74.69, 0.05, 222.35
12.656, 125.11, -250.14, 249.77, 86.18, -8.13, 234.09, 83.99, -6.57, 231.85
12.686, -36.05, -250.14, 212.57, 95.35, -15.08, 227.10, 93.36, -13.59, 227.94
12.715, -118.73, -250.14, 249.77, 102.34, -21.02, 221.21, 100.64, -19.61, 222.48
12.744, -250.14, -250.14, -221.68, 88.29, -27.12, 201.97, 90.52, -25.77, 205.67
12.772, -250.14, -186.78, -18.95, 77.01, -30.61, 189.52, 79.63, -29.67, 192.65
12.799, -250.14, -221.54, -169.36, 66.98, -34.74, 173.51, 69.46, -33.75, 177.26
12.826, -127.48, -8.21, -6.94, 61.12, -33.18, 162.34, 62.76, -33.29, 165.26
12.853, -43.10, -12.05, 27.75, 57.25, -31.76, 152.53, 58.33, -32.06, 155.03
12.880, -148.01, -73.89, 107.51, 50.67, -31.97, 145.30, 52.17, -31.99, 147.20
12.907, -100.28, -83.85, 58.90, 45.92, -32.41, 137.15, 47.15, -32.33, 139.11
12.934, -46.47, -58.56, 127.09, 43.12, -32.16, 131.23, 43.91, -32.19, 132.77
12.961, 129.85, 86.50, 38.03, 44.99, -28.18, 123.28, 44.77, -28.96, 125.14
12.988, 115.03, 225.89, 39.73, 45.25, -20.80, 115.75, 45.16, -22.40, 117.59
13.015, 82.06, 153.53, 142.71, 45.61, -15.63, 111.33, 45.52, -16.96, 112.56
13.041, 135.80, 194.06, 110.13, 47.19, -9.68, 106.38, 46.86, -11.11, 107.59
13.068, 131.63, 250.13, 49.28, 48.62, -2.58, 100.12, 48.28, -4.25, 101.58
13.095, 90.09, 250.13, 103.65, 48.24, 4.18, 95.63, 48.25, 2.53, 96.80
13.122, -39.95, 249.34, 44.89, 46.29, 10.60, 89.87, 46.68, 9.01, 91.23
13.149, 207.88, 232.22, 229.06, 50.11, 16.24, 89.36, 49.44, 14.83, 89.73
13.176, 250.13, 250.13, 180.44, 53.41, 22.03, 87.83, 52.63, 20.62, 88.20
13.203, 250.13, 250.13, 191.29, 54.82, 27.56, 86.86, 54.39, 26.20, 87.12
13.230, 250.13, 250.13, 32.47, 73.08, 32.83, 81.88, 69.41, 31.53, 82.91
13.257, -179.52, 250.13, -250.50, 77.41, 37.82, 69.55, 75.84, 36.59, 72.17
13.284, 250.13, 250.13, 217.98, 80.30, 42.57, 70.07, 79.43, 41.40, 70.48
13.311, 3.95, 250.13, 249.77, 75.23, 47.06, 71.70, 76.05, 45.95, 71.46
13.338, 46.65, 250.13, 212.60, 73.90, 51.28, 72.54, 74.32, 50.24, 72.33
13.365, 48.27, 195.47, -40.20, 73.48, 53.87, 66.79, 73.64, 53.16, 67.87
13.393, -8.50, 215.69, -36.15, 73.14, 57.03, 61.18, 73.24, 56.30, 62.45
13.420, -52.60, 130.92, 30.64, 70.25, 57.63, 57.74, 70.83, 57.37, 58.65
13.448, -44.80, 29.89, -111.17, 67.10, 55.51, 50.63, 67.82, 55.87, 52.19
13.475, 57.63, 26.63, 30.87, 67.14, 53.37, 47.61, 67.28, 53.85, 48.50
13.502, 49.58, 9.21, -150.90, 67.32, 50.84, 39.95, 67.31, 51.43, 41.63
13.529, 61.77, 0.66, -163.91, 67.44, 48.18, 31.98, 67.41, 48.81, 33.85
13.556, 138.43, -99.29, -75.42, 69.38, 43.01, 26.61, 69.00, 44.14, 28.01
13.584, 250.13, -191.92, 21.59, 75.57, 35.66, 24.05, 74.30, 37.31, 24.82
13.611, 233.55, -250.14, 249.77, 77.25, 27.13, 27.90, 76.68, 29.10, 27.30
13.638, 124.64, -250.14, 63.64, 74.24, 19.13, 26.85, 74.72, 21.09, 26.94
13.665, 73.43, -250.14, -115.66, 85.68, 11.49, 21.12, 83.53, 13.37, 22.26
13.692, 89.96, -250.14, 236.76, 93.71, 4.20, 25.03, 91.71, 6.00, 24.49
13.719, -91.73, -250.14, 249.77, 99.08, -2.76, 29.44, 97.64, -1.04, 28.47
13.746, -250.14, -250.14, 249.77, 101.47, -9.41, 33.97, 100.72, -7.77, 32.89
13.773, -250.14, -250.14, -87.34, 88.22, -15.74, 29.56, 90.67, -14.18, 30.21
13.800, -250.14, -250.14, -175.58, 76.29, -21.76, 22.88, 79.11, -20.28, 24.32
13.827, -250.14, -56.35, 234.13, 66.15, -22.51, 27.37, 68.69, -22.07, 26.78
13.853, -177.56, -52.31, -153.59, 58.32, -23.08, 21.54, 60.35, -22.88, 22.56
13.880, -250.14, -106.38, -63.82, 48.38, -25.01, 18.23, 50.72, -24.59, 19.08
13.907, -250.14, -45.75, 161.22, 38.70, -25.25, 21.10, 41.05, -25.12, 20.70
13.934, -226.94, -17.73, 231.47, 30.56, -24.74, 25.96, 32.61, -24.82, 24.93
13.961, -231.53, 78.82, 249.77, 21.41, -21.76, 31.42, 23.60, -22.36, 30.15
13.988, -250.14, 15.73, 140.25, 15.21, -20.51, 34.02, 16.85, -20.87, 33.26
14.015, -250.14, 128.38, 100.77, 8.49, -16.41, 35.65, 10.13, -17.29, 35.18
14.042, 34.92, -188.76, -250.50, 10.92, -20.62, 27.89, 10.76, -19.97, 29.32
14.073, 108.08, 112.33, 88.93, 13.74, -16.54, 29.29, 13.21, -17.14, 29.30
14.100, 6.97, -5.88, 88.76, 11.28, -16.02, 30.88, 11.66, -16.24, 30.57
14.127, -68.05, -68.47, -20.10, 7.35, -17.12, 29.61, 8.19, -16.95, 29.80
14.154, -38.60, -52.74, 20.99, 5.91, -17.75, 29.53, 6.36, -17.59, 29.59
14.181, -11.17, -65.80, -17.72, 5.30, -18.68, 28.48, 5.51, -18.46, 28.70
14.208, 47.65, -69.75, 214.12, 6.90, -19.63, 33.75, 6.63, -19.40, 32.76
14.235, 14.76, 2.08, 190.37, 4.85, -18.71, 38.45, 5.19, -18.85, 37.33
14.262, -14.96, -49.03, -3.28, 2.71, -19.12, 37.97, 3.20, -19.07, 37.85
14.289, -18.36, 4.05, -180.90, 1.70, -18.16, 32.76, 2.00, -18.34, 33.76
14.316, 38.44, -41.82, 99.69, 2.62, -18.39, 35.19, 2.50, -18.38, 34.91
14.343, 250.13, 250.13, 249.77, 8.57, -11.11, 41.72, 7.38, -12.53, 40.39
14.370, 142.42, 250.13, -181.04, 12.59, -4.15, 36.67, 11.57, -5.79, 37.40
14.397, 53.04, 78.96, -250.50, 13.86, -1.87, 29.80, 13.41, -2.64, 31.29
14.424, 94.08, -250.14, -170.70, 26.62, -8.27, 25.13, 24.04, -7.16, 26.34
14.451, 26.61, 60.84, 248.87, 27.72, -6.33, 31.84, 27.00, -6.50, 30.76
14.478, -1.85, -49.69, 25.80, 27.76, -7.31, 32.55, 27.61, -7.15, 32.20
14.505, -250.14, -250.14, 249.77, 17.40, -13.38, 39.34, 19.40, -12.16, 37.94
14.532, -216.60, -177.63, 62.88, 16.23, -17.28, 41.14, 16.85, -16.27, 40.51
14.559, 11.28, 71.27, -250.50, 16.08, -14.57, 34.51, 16.23, -14.91, 35.68
14.586, -20.15, -48.92, -101.16, 15.87, -15.08, 31.95, 15.94, -15.05, 32.68
14.613, -21.53, 134.21, -138.33, 14.79, -10.85, 28.42, 15.01, -11.67, 29.25
14.640, 29.83, -13.13, -211.32, 14.42, -10.57, 22.95, 14.54, -10.79, 24.19
14.667, -5.06, -71.69, 167.11, 13.65, -11.85, 27.73, 13.82, -11.64, 27.04
14.694, 69.51, -56.89, 8.60, 14.86, -12.65, 28.26, 14.65, -12.45, 28.02
14.721, 126.35, -54.49, 8.80, 17.46, -13.35, 28.81, 16.91, -13.18, 28.66
14.748, 67.73, -55.02, 28.46, 19.98, -14.04, 29.92, 19.38, -13.87, 29.67
14.776, -44.20, 86.66, -62.57, 17.20, -10.98, 28.51, 17.62, -11.53, 28.73
14.803, -106.14, 70.92, -24.69, 13.93, -8.50, 28.22, 14.65, -9.09, 28.32
14.830, -161.41, 115.81, 120.66, 8.87, -4.97, 31.90, 10.00, -5.78, 31.20
14.857, 22.57, 51.56, 126.94, 9.98, -3.29, 35.76, 9.98, -3.77, 34.86
14.884, -250.14, -119.34, 249.77, 2.61, -6.03, 42.95, 4.05, -5.59, 41.37
14.911, 250.13, -250.14, -159.84, 9.27, -12.01, 39.09, 8.25, -10.75, 39.54
14.938, 250.13, -55.26, -250.50, 14.07, -12.71, 32.81, 12.93, -12.33, 34.13
14.965, 250.13, 163.31, -250.50, 18.46, -7.77, 26.55, 17.38, -8.66, 28.03
14.992, 250.13, 250.13, 100.49, 38.89, -0.84, 29.77, 34.68, -2.37, 29.43
15.019, 235.68, 239.50, -136.62, 43.58, 5.50, 26.59, 41.84, 3.96, 27.15
15.046, 250.13, 250.13, 249.77, 47.15, 11.76, 33.86, 46.11, 10.23, 32.55
15.073, 250.13, 250.13, 249.77, 49.31, 17.70, 41.15, 48.69, 16.23, 39.47
15.100, 250.13, 250.13, 172.03, 66.44, 23.38, 46.34, 62.96, 21.98, 45.00
15.127, 126.05, 250.13, 249.77, 76.89, 28.85, 53.67, 74.17, 27.51, 51.98
15.154, 39.81, 250.13, 141.41, 75.11, 34.00, 58.05, 74.93, 32.73, 56.86
15.181, 165.73, 250.13, 64.22, 89.64, 38.88, 60.36, 86.76, 37.68, 59.68
15.208, 59.57, 250.13, 78.53, 98.01, 43.50, 63.06, 95.81, 42.36, 62.40
15.235, -91.56, 250.13, 172.29, 89.90, 47.86, 68.30, 91.05, 46.78, 67.15
15.262, -93.55, 250.13, -250.50, 81.65, 51.98, 62.13, 83.49, 50.96, 63.11
15.289, -8.89, 43.73, -107.88, 78.40, 50.53, 59.81, 79.40, 50.61, 60.46
15.316, -4.85, -96.42, -93.22, 74.93, 45.53, 57.90, 75.80, 46.52, 58.40
15.343, 29.55, -146.24, -37.39, 72.51, 39.46, 57.49, 73.16, 40.84, 57.66
15.370, 28.10, -250.14, -39.62, 70.97, 30.99, 57.02, 71.40, 32.92, 57.14
15.397, 28.82, -250.14, -119.20, 68.17, 22.96, 54.42, 68.80, 24.91, 54.96
15.424, 110.84, -250.14, -204.27, 65.37, 15.22, 49.47, 66.04, 17.11, 50.54
15.452, 87.87, -250.14, -129.72, 77.59, 7.65, 46.43, 75.39, 9.46, 47.22
15.479, -149.81, -250.14, -116.29, 83.02, 0.55, 43.86, 81.54, 2.28, 44.51
15.506, -195.15, -250.14, -237.35, 88.37, -6.11, 38.06, 87.03, -4.47, 39.32
15.533, -250.14, -250.14, -250.50, 92.28, -12.47, 31.91, 91.25, -10.90, 33.36
15.560, -249.54, -250.14, -250.50, 96.96, -18.53, 25.75, 95.84, -17.03, 27.24
15.587, -250.14, -250.14, 231.32, 101.30, -24.30, 32.61, 100.23, -22.88, 31.56
15.614, -247.56, -250.14, 249.77, 90.57, -29.74, 39.94, 92.46, -28.39, 38.30
15.641, -175.52, -145.09, 249.77, 82.61, -32.17, 47.28, 84.54, -31.43, 45.52
15.668, -183.22, -71.68, 249.77, 75.33, -32.56, 54.60, 77.14, -32.34, 52.82
15.695, -14.77, -67.20, -89.59, 73.07, -32.79, 52.77, 73.86, -32.70, 52.78
15.722, -48.55, -47.61, 211.76, 69.43, -32.49, 59.07, 70.30, -32.53, 57.84
15.749, 81.16, -80.32, 142.97, 69.60, -33.00, 63.52, 69.73, -32.91, 62.41
15.776, 250.13, -136.79, -2.65, 73.42, -34.91, 64.02, 72.70, -34.52, 63.70
15.803, 250.13, -160.47, 26.87, 77.02, -37.31, 65.32, 76.18, -36.76, 65.00
15.830, 250.13, -118.76, 49.92, 80.04, -38.48, 67.23, 79.29, -38.15, 66.80
15.857, 250.13, -117.95, 12.83, 83.21, -39.56, 68.14, 82.44, -39.28, 67.88
15.884, 250.13, -67.26, -124.37, 85.87, -39.25, 65.34, 85.20, -39.25, 65.84
15.911, 250.13, 0.06, -3.29, 100.04, -37.19, 65.81, 97.13, -37.60, 65.81
15.938, 250.13, 3.38, -37.26, 103.77, -35.13, 65.35, 102.47, -35.61, 65.44
15.965, 250.13, 164.11, -221.98, 107.37, -29.06, 59.90, 106.41, -30.34, 60.99
15.992, 250.13, 250.13, -250.50, 106.60, -21.01, 53.68, 106.56, -22.83, 55.11
16.019, 250.13, 250.13, -250.50, 119.94, -13.27, 47.43, 117.33, -15.14, 48.93
16.046, 136.89, 156.13, -250.50, 127.59, -8.35, 41.20, 125.58, -9.68, 42.71
16.073, 6.52, 250.13, -109.84, 129.57, -1.24, 38.75, 128.79, -2.89, 39.53
16.100, 23.29, 250.13, -230.33, 132.45, 5.54, 33.04, 131.73, 3.89, 34.31
16.127, -34.10, 198.22, -96.37, 130.89, 10.77, 30.89, 131.05, 9.44, 31.55
16.155, -61.55, 40.80, -62.78, 126.64, 11.62, 29.64, 127.49, 11.20, 30.00
16.182, 27.03, -118.89, -163.62, 124.53, 8.27, 25.70, 125.10, 8.84, 26.54
16.209, 150.54, -136.23, 86.99, 125.77, 4.65, 28.54, 125.64, 5.47, 28.15
16.236, 66.26, -244.50, -4.65, 130.23, -1.57, 28.89, 129.33, -0.19, 28.75
16.263, -25.27, -250.14, 249.77, 133.43, -7.63, 36.11, 132.63, -6.17, 34.67
16.290, -212.56, -250.14, 44.60, 132.04, -13.38, 37.78, 132.15, -11.97, 37.17
16.317, -235.37, -250.14, 162.16, 132.69, -18.87, 42.62, 132.59, -17.52, 41.55
16.344, -250.14, -250.14, 150.48, 119.75, -24.06, 47.13, 122.26, -22.78, 46.04
16.371, -249.40, -250.14, -82.71, 106.89, -29.02, 45.34, 109.90, -27.80, 45.48
16.398, -192.32, -250.14, 23.54, 108.14, -33.73, 46.42, 108.48, -32.56, 46.23
16.425, -250.14, -250.14, -167.62, 109.25, -38.22, 42.32, 109.10, -37.11, 43.09
16.452, -250.14, -250.14, 200.99, 112.11, -42.46, 48.18, 111.52, -41.41, 47.18
16.479, -250.14, -250.14, 249.77, 99.22, -46.44, 55.34, 101.63, -45.46, 53.75
16.506, -250.14, -107.49, 249.77, 88.97, -46.52, 62.49, 91.44, -46.31, 60.78
16.533, -53.79, 115.84, -52.10, 84.17, -40.83, 61.49, 85.59, -41.90, 61.35
16.560, 69.69, 250.13, 106.98, 81.18, -31.94, 64.77, 82.04, -33.90, 64.10
16.587, -175.98, 248.47, 220.42, 72.77, -23.46, 71.11, 74.59, -25.50, 69.74
16.614, -50.18, 47.25, 173.25, 68.95, -20.54, 76.17, 70.05, -21.51, 74.91
16.641, 107.81, 8.28, -250.50, 68.90, -18.76, 69.78, 69.13, -19.30, 70.78
16.668, 250.13, 29.91, -22.85, 72.44, -16.50, 69.53, 71.79, -17.05, 69.78
16.695, 250.13, 99.66, 219.74, 75.40, -12.57, 75.82, 74.70, -13.45, 74.64
16.722, 250.13, 110.33, 148.48, 78.07, -8.56, 80.17, 77.41, -9.52, 79.08
16.749, 250.13, 195.25, -25.36, 80.05, -2.55, 79.83, 79.53, -3.91, 79.69
16.776, 250.13, 250.13, -125.86, 97.29, 4.57, 76.78, 93.82, 2.91, 77.35
16.803, 250.13, 250.13, -152.82, 112.77, 11.39, 72.98, 109.06, 9.73, 73.83
16.831, 250.13, 250.13, -50.68, 125.20, 18.07, 71.89, 122.11, 16.48, 72.27
16.858, 129.24, 250.13, 191.40, 133.05, 24.20, 77.39, 130.91, 22.69, 76.39
16.885, 138.45, 250.13, -22.94, 142.26, 30.06, 77.09, 140.05, 28.62, 76.95
16.912, 43.23, 232.23, -158.11, 147.25, 35.14, 73.13, 145.84, 33.86, 73.88
16.939, -105.87, 120.92, -100.88, 147.84, 37.08, 70.71, 147.45, 36.45, 71.33
16.966, -196.84, -134.28, -70.81, 145.98, 32.35, 69.10, 146.27, 33.15, 69.53
16.993, -250.14, -250.14, -109.35, 143.52, 24.85, 66.44, 144.06, 26.48, 67.05
17.020, -250.14, -250.14, -92.54, 143.69, 17.67, 64.23, 143.76, 19.40, 64.79
17.047, -250.14, -250.14, -229.29, 144.17, 10.79, 58.31, 144.09, 12.47, 59.58
17.074, -250.14, -250.14, -62.30, 129.10, 4.21, 56.91, 132.04, 5.83, 57.43
17.101, -250.14, -46.11, -250.50, 116.68, 3.20, 50.41, 119.69, 3.72, 51.79
17.128, -250.14, -77.82, -129.84, 104.07, 1.43, 47.17, 107.13, 1.88, 48.08
17.155, -250.14, -161.49, -42.17, 93.00, -2.39, 46.29, 95.77, -1.56, 46.64
17.182, -219.18, -114.47, -28.74, 83.03, -4.83, 45.77, 85.52, -4.19, 45.94
17.209, 180.54, 84.33, 101.65, 83.76, -2.03, 48.76, 84.10, -2.45, 48.20
17.236, 250.13, 41.99, 193.33, 86.40, -0.45, 54.21, 85.95, -0.84, 53.04
17.263, 241.83, -92.96, 229.92, 89.50, -2.42, 60.67, 88.81, -2.11, 59.18
17.290, 250.13, 4.98, 232.69, 92.02, -1.78, 67.17, 91.39, -1.84, 65.61
17.317, 250.13, 250.13, 96.95, 93.09, 5.12, 70.01, 92.76, 3.76, 69.15
17.344, 250.13, 250.13, -250.50, 109.77, 11.69, 63.47, 106.44, 10.14, 64.58
17.371, 250.13, 250.13, 249.77, 123.19, 17.99, 70.44, 119.92, 16.46, 69.30
17.398, -62.50, 87.94, 195.80, 126.42, 19.78, 75.94, 125.14, 19.13, 74.64
17.425, 96.86, 250.13, 191.83, 126.69, 25.62, 81.32, 126.39, 24.35, 80.01
17.452, 179.62, 250.13, -163.36, 137.36, 31.19, 77.11, 135.21, 29.85, 77.68
17.479, -32.01, 250.13, -92.76, 140.99, 36.49, 74.79, 139.86, 35.19, 75.36
17.506, -237.22, 89.65, -122.10, 138.37, 37.43, 71.60, 138.65, 37.00, 72.32
17.534, -250.14, -199.35, -221.87, 133.31, 30.79, 65.76, 134.35, 32.00, 67.04
17.561, -250.14, -250.14, -250.50, 120.82, 23.17, 59.18, 123.47, 24.90, 60.71
17.587, -250.14, -250.14, -250.50, 117.27, 15.94, 52.62, 118.49, 17.70, 54.21
17.615, -73.00, -250.14, -194.68, 121.84, 8.94, 47.48, 121.19, 10.64, 48.79
17.642, -238.34, -250.14, -237.20, 123.79, 2.23, 41.19, 123.29, 3.86, 42.67
17.669, -218.90, -250.14, -250.50, 110.61, -4.16, 34.54, 113.08, -2.60, 36.12
17.696, -234.43, -250.14, -250.50, 114.73, -10.24, 27.88, 114.41, -8.76, 29.48
17.724, -250.14, -250.14, -250.50, 101.87, -16.02, 21.22, 104.31, -14.61, 22.82
17.751, -250.14, -218.57, -250.50, 90.96, -20.72, 14.52, 93.54, -19.53, 16.13
17.779, 126.76, 136.11, 79.69, 90.23, -15.87, 16.88, 90.86, -16.57, 16.74
17.807, 145.72, 12.76, 100.50, 89.15, -14.51, 19.83, 89.48, -14.90, 19.24
17.835, -120.16, -77.63, 91.44, 82.35, -15.61, 22.52, 83.71, -15.47, 21.89
17.862, 203.59, 62.69, 190.64, 84.30, -12.95, 27.86, 84.19, -13.44, 26.70
17.889, 250.13, 250.13, 249.77, 86.38, -5.55, 34.81, 85.95, -7.08, 33.24
17.916, 250.13, 250.13, 175.87, 104.02, 1.48, 39.73, 100.51, -0.19, 38.47
17.944, 250.13, 250.13, 193.95, 120.11, 8.16, 45.15, 116.30, 6.54, 43.85
17.971, 250.13, 250.13, 149.48, 120.10, 14.51, 49.35, 119.36, 12.97, 48.29
17.998, 250.13, 250.13, 126.35, 135.93, 20.57, 52.92, 132.71, 19.09, 52.02
18.025, 250.13, 250.13, 97.64, 147.72, 26.34, 55.69, 144.81, 24.93, 54.98
18.053, 99.81, 250.13, 120.83, 154.43, 31.80, 59.10, 152.56, 30.47, 58.30
18.080, 74.18, 231.55, -15.65, 161.81, 36.60, 58.78, 160.03, 35.42, 58.69
18.108, 96.55, 225.42, -133.12, 166.85, 40.96, 55.22, 165.54, 39.90, 55.88
18.136, -131.42, -97.25, -99.59, 166.08, 36.58, 52.55, 165.97, 37.22, 53.19
18.163, -250.14, -250.14, -197.73, 163.19, 28.44, 47.23, 163.73, 30.14, 48.38
18.191, -250.14, -250.14, -250.50, 162.25, 20.47, 40.23, 162.53, 22.29, 41.76
18.220, -250.14, -250.14, -64.20, 161.59, 12.89, 38.51, 161.77, 14.67, 39.13
18.247, -250.14, -250.14, -238.55, 161.94, 5.77, 32.02, 161.90, 7.48, 33.39
18.275, -250.14, -250.14, -250.50, 163.59, -1.03, 25.17, 163.26, 0.60, 26.75
18.302, -250.14, -250.14, -250.50, 148.21, -7.40, 18.45, 151.14, -5.84, 20.07
18.329, -250.14, -146.60, -186.33, 134.75, -10.77, 13.47, 137.94, -9.81, 14.75
18.357, -250.14, -151.39, 121.26, 121.69, -14.09, 16.86, 124.84, -13.26, 16.45
18.384, -215.92, -250.14, 249.77, 110.04, -19.80, 23.78, 112.90, -18.53, 22.36
18.411, -40.15, -68.78, 249.77, 103.36, -20.49, 30.69, 105.21, -20.11, 29.08
18.439, 195.88, -13.29, -216.46, 113.63, -19.66, 24.84, 112.00, -19.75, 25.66
18.466, -231.25, -113.05, 96.20, 110.13, -21.41, 27.53, 110.49, -21.08, 27.17
18.493, 248.31, 22.41, 107.66, 112.01, -19.61, 30.54, 111.72, -19.90, 29.89
18.521, -157.08, -67.11, -131.74, 103.65, -20.20, 27.01, 105.21, -20.14, 27.57
18.548, -110.50, -75.89, 54.40, 95.19, -20.96, 28.57, 97.14, -20.80, 28.37
18.575, -38.15, -78.26, 162.42, 90.94, -21.73, 33.08, 92.14, -21.55, 32.17
18.603, 3.76, -18.51, 11.45, 86.84, -20.91, 33.46, 87.87, -21.03, 33.21
18.630, -5.12, -5.03, -82.92, 83.58, -19.75, 31.25, 84.41, -20.00, 31.63
18.657, -12.72, -38.82, 38.57, 79.60, -19.51, 32.36, 80.53, -19.61, 32.22
18.685, -11.55, 2.76, 10.65, 75.83, -18.18, 32.71, 76.74, -18.46, 32.61
18.712, 7.39, -10.40, 2.91, 72.39, -17.25, 32.84, 73.23, -17.49, 32.80
18.739, -1.29, -2.98, 10.74, 69.01, -16.16, 33.19, 69.83, -16.42, 33.11
18.767, -4.85, 10.29, -2.20, 65.63, -14.76, 33.18, 66.45, -15.08, 33.16
18.794, 6.69, 5.88, -21.71, 62.64, -13.54, 32.63, 63.38, -13.84, 32.74
18.821, 2.21, -2.43, 32.95, 59.58, -12.59, 33.58, 60.31, -12.83, 33.42
18.849, 1.62, -3.56, -9.17, 56.67, -11.69, 33.38, 57.37, -11.91, 33.38
18.877, 0.88, 6.34, -5.81, 53.83, -10.57, 33.26, 54.50, -10.82, 33.28
18.905, -3.20, -1.07, -10.68, 50.98, -9.68, 33.00, 51.65, -9.90, 33.06
18.932, 0.80, -7.85, 15.67, 48.36, -9.02, 33.47, 49.00, -9.19, 33.39
18.959, 0.47, -1.81, -7.20, 45.87, -8.22, 33.32, 46.48, -8.41, 33.33
18.986, -4.17, 3.66, -17.48, 43.33, -7.32, 32.88, 43.94, -7.54, 32.97
19.014, -2.52, -6.86, 5.34, 40.91, -6.73, 33.06, 41.50, -6.89, 33.04
19.041, 3.06, -3.69, 22.28, 38.75, -6.08, 33.71, 39.28, -6.24, 33.58
19.068, -4.55, 5.75, -13.34, 36.40, -5.21, 33.38, 36.96, -5.41, 33.42
19.096, -2.30, -0.58, -1.31, 34.28, -4.55, 33.37, 34.80, -4.71, 33.38
19.123, 0.90, -3.26, 12.22, 32.30, -3.98, 33.74, 32.78, -4.12, 33.67
19.150, -2.31, 1.28, -5.02, 30.32, -3.32, 33.63, 30.80, -3.47, 33.64
19.178, -1.29, 2.60, -7.17, 28.43, -2.65, 33.47, 28.88, -2.81, 33.50
19.205, 1.01, 0.30, 8.00, 26.58, -2.08, 33.72, 27.02, -2.22, 33.67
19.232, -0.32, -1.06, -0.20, 24.88, -1.57, 33.74, 25.29, -1.69, 33.73
19.260, -1.21, 1.79, -4.45, 23.19, -1.00, 33.64, 23.60, -1.14, 33.66
19.287, -1.03, 3.31, -5.61, 21.55, -0.42, 33.51, 21.94, -0.56, 33.54
19.314, -0.16, -0.21, -2.38, 20.06, 0.03, 33.47, 20.42, -0.09, 33.49
19.342, 0.29, -3.87, 8.81, 18.62, 0.37, 33.74, 18.97, 0.28, 33.69
19.369, -0.55, -2.21, 4.22, 17.22, 0.73, 33.88, 17.56, 0.65, 33.84
19.397, -0.77, 2.58, -4.92, 15.86, 1.20, 33.76, 16.19, 1.10, 33.78
19.424, -2.71, 1.96, -9.43, 14.51, 1.63, 33.53, 14.84, 1.53, 33.57
19.451, -0.08, 0.68, -1.75, 13.29, 2.01, 33.50, 13.59, 1.92, 33.51
19.479, -1.33, -1.47, 3.06, 12.06, 2.31, 33.60, 12.36, 2.23, 33.58
19.506, -1.44, -0.69, -4.15, 10.90, 2.61, 33.51, 11.18, 2.54, 33.52
19.533, -1.21, 3.85, 3.50, 9.79, 3.01, 33.62, 10.06, 2.92, 33.60
19.562, -1.73, 1.71, -8.30, 8.72, 3.35, 33.40, 8.97, 3.27, 33.44
19.589, -1.07, 0.08, -4.23, 7.72, 3.62, 33.30, 7.96, 3.56, 33.33
19.617, -2.94, 0.95, -0.49, 6.70, 3.90, 33.30, 6.94, 3.83, 33.31
19.644, -0.63, -2.12, -0.90, 5.79, 4.07, 33.29, 6.01, 4.03, 33.29
19.672, 1.01, -2.44, 8.29, 5.00, 4.23, 33.53, 5.20, 4.19, 33.49
19.699, 1.92, -1.79, 0.99, 4.27, 4.39, 33.57, 4.45, 4.35, 33.56
19.727, -2.53, 4.76, -10.28, 3.50, 4.71, 33.30, 3.68, 4.64, 33.35
19.755, -1.80, 1.24, -11.52, 2.68, 4.92, 32.99, 2.87, 4.87, 33.06
19.783, 0.92, -6.80, 20.66, 2.00, 4.91, 33.58, 2.17, 4.90, 33.48
19.810, -1.37, -2.07, 6.22, 1.33, 5.01, 33.76, 1.49, 4.99, 33.71
19.837, -2.29, 1.78, -7.26, 0.63, 5.21, 33.57, 0.80, 5.17, 33.60
19.865, -2.77, -1.91, -7.23, -0.00, 5.29, 33.39, 0.15, 5.27, 33.43
19.892, 0.44, 2.75, 2.80, -0.57, 5.49, 33.47, -0.43, 5.45, 33.46
19.920, -2.23, -3.09, -6.48, -1.12, 5.52, 33.30, -0.98, 5.51, 33.33
19.947, 0.41, -1.54, 9.12, -1.57, 5.59, 33.56, -1.46, 5.58, 33.52
19.975, 0.73, 0.98, 1.28, -2.03, 5.72, 33.61, -1.92, 5.69, 33.59
20.002, -1.46, 1.62, -15.33, -2.44, 5.85, 33.19, -2.34, 5.82, 33.27
20.030, -2.56, 1.16, -0.31, -2.97, 5.96, 33.19, -2.85, 5.93, 33.21
20.057, -0.03, -2.23, 2.22, -3.32, 5.96, 33.26, -3.23, 5.96, 33.25
20.085, -0.27, -1.79, 5.12, -3.69, 5.98, 33.40, -3.60, 5.97, 33.37
20.112, 0.05, -1.57, 5.62, -4.01, 5.99, 33.57, -3.94, 5.99, 33.53
20.140, -0.35, 1.63, -2.41, -4.30, 6.09, 33.50, -4.23, 6.07, 33.51
20.167, -1.82, 2.49, -11.96, -4.62, 6.19, 33.18, -4.54, 6.17, 33.25
20.194, -1.11, -1.67, 5.23, -4.89, 6.18, 33.33, -4.82, 6.18, 33.31
20.222, 0.05, -2.73, 5.20, -5.11, 6.13, 33.48, -5.05, 6.14, 33.45
20.250, 0.15, -1.18, 0.77, -5.35, 6.14, 33.50, -5.29, 6.14, 33.49
20.279, -1.21, 0.65, -4.59, -5.58, 6.18, 33.38, -5.53, 6.18, 33.40
20.306, -0.44, -0.43, -1.11, -5.78, 6.18, 33.35, -5.73, 6.18, 33.36
20.333, -1.06, -2.09, 3.93, -5.96, 6.13, 33.46, -5.92, 6.14, 33.44
20.360, 0.07, 2.20, 0.20, -6.10, 6.19, 33.47, -6.07, 6.18, 33.46
20.388, -1.21, 1.13, -7.47, -6.22, 6.22, 33.27, -6.19, 6.21, 33.31
20.415, -1.91, 1.13, -6.68, -6.38, 6.24, 33.09, -6.34, 6.23, 33.13
20.442, 0.04, -0.44, 2.01, -6.49, 6.21, 33.15, -6.46, 6.21, 33.14
20.470, -0.63, -4.95, 10.16, -6.58, 6.06, 33.43, -6.56, 6.09, 33.37
20.497, 0.15, 0.44, 4.94, -6.64, 6.05, 33.56, -6.62, 6.06, 33.53
20.525, -1.50, 3.15, -8.26, -6.72, 6.12, 33.34, -6.70, 6.11, 33.37
20.553, -2.86, -1.60, -5.74, -6.86, 6.05, 33.18, -6.83, 6.06, 33.22
20.580, 0.18, -0.64, 6.29, -6.93, 6.00, 33.35, -6.91, 6.01, 33.33
20.608, -1.87, 1.46, -0.60, -6.99, 6.01, 33.34, -6.97, 6.01, 33.34
20.635, -1.04, 1.60, -7.09, -6.99, 6.01, 33.14, -6.98, 6.01, 33.18
20.662, -0.93, -1.67, -1.39, -7.01, 5.92, 33.11, -7.00, 5.94, 33.12
20.690, 0.07, -2.08, 8.33, -7.00, 5.83, 33.34, -7.00, 5.85, 33.30
20.717, -2.39, -0.63, -7.38, -7.05, 5.77, 33.13, -7.04, 5.78, 33.17
20.745, -0.20, 4.10, -1.43, -7.06, 5.83, 33.10, -7.06, 5.82, 33.11
20.772, -1.26, -0.81, -4.10, -6.99, 5.76, 32.98, -7.00, 5.77, 33.01
20.800, -2.61, 0.71, 0.17, -7.05, 5.72, 32.99, -7.04, 5.73, 32.99
20.827, -1.73, 0.16, -7.77, -7.01, 5.67, 32.77, -7.01, 5.68, 32.82
20.855, -0.49, -0.59, 6.18, -7.00, 5.60, 32.94, -7.00, 5.61, 32.92
20.882, -0.33, -0.14, 3.47, -6.92, 5.54, 33.04, -6.94, 5.55, 33.02
20.910, 1.21, 1.05, -5.17, -6.83, 5.50, 32.90, -6.85, 5.51, 32.92
20.938, 0.24, -2.15, 2.88, -6.83, 5.39, 32.98, -6.83, 5.41, 32.97
20.967, -0.85, -2.04, 4.93, -6.83, 5.28, 33.12, -6.83, 5.30, 33.09
20.994, -0.57, -0.11, 4.61, -6.75, 5.21, 33.24, -6.76, 5.23, 33.21
21.021, -0.51, -0.42, -1.07, -6.66, 5.14, 33.21, -6.68, 5.16, 33.21
21.048, -0.57, 1.50, -1.56, -6.56, 5.12, 33.17, -6.58, 5.12, 33.18
21.076, -1.21, 0.18, -4.76, -6.49, 5.06, 33.04, -6.51, 5.07, 33.07
21.103, 0.10, 1.71, -0.57, -6.39, 5.03, 33.02, -6.41, 5.04, 33.03
21.130, -0.81, -0.56, -4.87, -6.29, 4.95, 32.89, -6.32, 4.97, 32.91
21.158, -0.05, -0.95, 6.12, -6.17, 4.86, 33.05, -6.20, 4.88, 33.03
21.185, -1.27, 0.53, -6.55, -6.04, 4.80, 32.87, -6.07, 4.82, 32.90
21.213, -0.53, 0.48, 0.36, -5.96, 4.75, 32.88, -5.98, 4.76, 32.88
21.240, -0.03, -1.18, 7.41, -5.83, 4.65, 33.08, -5.86, 4.67, 33.04
21.267, -0.32, 2.20, -6.44, -5.70, 4.64, 32.90, -5.73, 4.64, 32.93
21.295, -1.57, -1.70, -2.46, -5.61, 4.52, 32.83, -5.63, 4.54, 32.85
21.322, -0.31, -3.04, 10.60, -5.51, 4.37, 33.12, -5.53, 4.40, 33.07
21.350, -0.87, -1.26, 3.71, -5.38, 4.27, 33.22, -5.41, 4.30, 33.20
21.377, -1.61, 0.65, -8.50, -5.30, 4.23, 32.99, -5.32, 4.24, 33.03
21.404, -1.18, 2.27, 0.04, -5.17, 4.22, 32.99, -5.20, 4.22, 33.00
21.432, -0.08, -0.24, 2.33, -5.04, 4.15, 33.05, -5.08, 4.16, 33.04
21.459, -1.27, 0.80, -5.99, -4.92, 4.10, 32.89, -4.95, 4.11, 32.92
21.487, -0.97, 2.42, -9.72, -4.82, 4.09, 32.62, -4.84, 4.10, 32.68
21.514, -1.58, -5.84, 6.19, -4.76, 3.87, 32.79, -4.77, 3.91, 32.77
21.542, 0.25, -1.76, 11.57, -4.60, 3.76, 33.10, -4.63, 3.79, 33.04
21.569, -1.37, 0.18, -1.26, -4.47, 3.70, 33.07, -4.50, 3.72, 33.06
21.597, -0.95, 1.23, -6.01, -4.39, 3.68, 32.90, -4.41, 3.68, 32.93
21.625, 1.09, -1.15, 4.34, -4.23, 3.59, 33.02, -4.27, 3.60, 33.00
21.652, -0.66, -2.00, 5.83, -4.10, 3.47, 33.18, -4.13, 3.50, 33.15
21.680, -0.76, -1.31, -0.86, -4.03, 3.38, 33.16, -4.05, 3.40, 33.15
21.707, -0.85, 0.78, -2.51, -3.89, 3.35, 33.09, -3.92, 3.36, 33.10
21.734, -1.80, -0.88, 0.77, -3.80, 3.27, 33.11, -3.82, 3.28, 33.10
21.762, -0.68, -2.54, 2.12, -3.64, 3.14, 33.16, -3.68, 3.17, 33.15
21.789, -0.83, -1.00, 1.24, -3.47, 3.07, 33.19, -3.51, 3.09, 33.18
21.816, -0.85, -0.41, -3.04, -3.30, 3.00, 33.11, -3.34, 3.02, 33.12
21.843, -2.17, -1.24, -2.40, -3.23, 2.92, 33.04, -3.25, 2.94, 33.06
21.871, -0.65, -0.91, 0.48, -3.11, 2.85, 33.05, -3.14, 2.87, 33.05
21.898, -1.12, -0.59, -0.67, -2.97, 2.79, 33.03, -3.00, 2.81, 33.04
21.926, -1.47, 0.10, -2.91, -2.85, 2.75, 32.95, -2.88, 2.76, 32.97
21.953, -0.91, -0.85, 0.27, -2.74, 2.68, 32.96, -2.77, 2.70, 32.96
21.981, -1.27, -1.16, 2.00, -2.59, 2.61, 33.01, -2.62, 2.62, 33.00
22.008, -1.53, 0.38, -3.96, -2.47, 2.57, 32.90, -2.50, 2.58, 32.92
22.036, -0.84, 0.29, -2.84, -2.36, 2.54, 32.82, -2.39, 2.55, 32.84
22.063, -0.57, 1.92, 0.64, -2.26, 2.55, 32.84, -2.28, 2.55, 32.84
22.091, -0.87, -0.38, 1.32, -2.15, 2.49, 32.87, -2.17, 2.50, 32.86
22.118, 0.85, -1.22, 3.27, -2.05, 2.41, 32.96, -2.07, 2.43, 32.94
22.145, -5.69, -6.86, -5.18, -2.05, 2.19, 32.81, -2.06, 2.24, 32.84
22.173, -10.60, -12.86, -16.59, -2.04, 1.83, 32.36, -2.04, 1.91, 32.45
22.200, -7.29, -4.36, 1.61, -1.97, 1.70, 32.40, -1.99, 1.74, 32.41
22.228, -7.46, 1.85, -7.73, -1.89, 1.74, 32.19, -1.91, 1.74, 32.23
22.255, -2.45, 3.98, 0.10, -1.75, 1.82, 32.19, -1.78, 1.81, 32.20
22.283, 0.29, 1.00, 3.74, -1.58, 1.83, 32.29, -1.62, 1.83, 32.27
22.311, 2.31, 3.30, 7.20, -1.35, 1.90, 32.49, -1.41, 1.88, 32.45
22.339, -0.22, 0.76, -4.83, -1.25, 1.89, 32.35, -1.28, 1.89, 32.37
22.366, 0.05, 2.86, 3.25, -1.16, 1.94, 32.44, -1.18, 1.93, 32.43
22.393, -0.46, -0.29, -4.94, -1.03, 1.90, 32.30, -1.06, 1.90, 32.33
22.421, 0.21, -0.84, 4.56, -0.93, 1.84, 32.43, -0.95, 1.86, 32.41
22.448, -0.83, -1.69, 0.13, -0.83, 1.77, 32.43, -0.86, 1.79, 32.42
22.475, -0.85, 0.09, -4.07, -0.72, 1.74, 32.32, -0.74, 1.75, 32.34
22.503, -0.03, -1.94, -0.10, -0.61, 1.67, 32.31, -0.64, 1.68, 32.32
22.530, -0.72, -2.53, 6.31, -0.46, 1.57, 32.48, -0.49, 1.59, 32.45
22.558, -0.74, 0.37, 0.03, -0.35, 1.56, 32.48, -0.37, 1.57, 32.48
22.586, -1.56, 0.06, -2.71, -0.28, 1.54, 32.41, -0.30, 1.55, 32.42
22.613, -0.59, 0.19, -0.68, -0.19, 1.52, 32.39, -0.21, 1.53, 32.39
22.640, -0.60, -0.24, -1.27, -0.09, 1.50, 32.35, -0.11, 1.50, 32.36
22.668, -1.15, 0.30, -1.30, -0.02, 1.48, 32.31, -0.03, 1.48, 32.32
22.695, -0.56, 0.98, -2.95, 0.08, 1.48, 32.23, 0.06, 1.48, 32.25
22.722, -2.91, -1.85, -6.33, 0.14, 1.41, 32.06, 0.13, 1.42, 32.10
22.750, -0.93, 1.43, 4.38, 0.24, 1.43, 32.18, 0.22, 1.43, 32.16
22.777, -2.56, -1.54, -3.86, 0.31, 1.36, 32.07, 0.29, 1.37, 32.09
22.805, -0.24, -0.02, 0.98, 0.41, 1.34, 32.10, 0.39, 1.35, 32.09
22.832, -1.05, -1.31, 2.67, 0.48, 1.29, 32.17, 0.46, 1.30, 32.15
22.860, 0.29, -0.89, 5.42, 0.63, 1.24, 32.32, 0.60, 1.25, 32.28
22.887, -1.33, -0.65, -4.62, 0.75, 1.21, 32.19, 0.72, 1.22, 32.21
22.914, 1.93, 0.41, 1.32, 0.90, 1.20, 32.22, 0.87, 1.20, 32.22
22.942, -0.68, -2.03, 1.92, 0.97, 1.13, 32.27, 0.95, 1.15, 32.26
22.969, -0.23, -0.27, 1.93, 1.08, 1.11, 32.33, 1.05, 1.12, 32.31
22.997, -2.31, 1.15, -6.68, 1.11, 1.12, 32.14, 1.10, 1.12, 32.17
23.026, -2.15, 0.92, -7.08, 1.11, 1.13, 31.93, 1.11, 1.13, 31.98
23.053, -1.08, -0.52, 1.28, 1.19, 1.10, 31.97, 1.17, 1.11, 31.97
23.081, -0.51, -0.44, 4.08, 1.26, 1.07, 32.08, 1.24, 1.08, 32.06
23.108, -2.32, 0.04, -2.74, 1.30, 1.06, 32.00, 1.29, 1.06, 32.01
23.136, 1.90, 1.13, 0.05, 1.47, 1.07, 32.00, 1.44, 1.07, 32.01
23.164, -1.21, -2.08, -1.04, 1.54, 1.00, 31.97, 1.52, 1.01, 31.98
23.191, -0.19, 0.50, 3.90, 1.60, 1.00, 32.08, 1.58, 1.00, 32.06
23.219, -1.72, -0.70, -1.30, 1.62, 0.96, 32.04, 1.61, 0.97, 32.05
23.246, -0.20, 0.95, 1.74, 1.73, 0.97, 32.09, 1.70, 0.97, 32.08
23.274, -1.23, -0.08, -1.91, 1.78, 0.95, 32.04, 1.76, 0.96, 32.05
23.301, -0.85, 1.27, -1.59, 1.79, 0.97, 31.99, 1.78, 0.97, 32.00
23.328, 0.72, 4.25, 0.23, 1.96, 1.06, 32.00, 1.92, 1.04, 32.00
23.356, 2.11, 7.57, 8.73, 2.05, 1.24, 32.24, 2.02, 1.20, 32.19
23.383, 3.28, 10.99, 1.22, 2.06, 1.49, 32.27, 2.05, 1.43, 32.25
