0.000, -1.14, -4.92, -0.07, 174.03, 79.88, -0.00, 0.31, 0.14, -0.00
0.043, -0.42, 1.85, 0.85, 175.90, 80.58, 0.04, 152.55, 69.88, 0.03
0.070, 0.08, 4.83, 1.11, 177.36, 81.03, 0.07, 172.49, 78.84, 0.06
0.097, -1.37, -3.25, 0.11, 177.41, 81.20, 0.07, 176.44, 80.73, 0.07
0.123, -1.55, -4.84, -0.37, 176.83, 81.39, 0.06, 176.75, 81.26, 0.06
0.150, -0.10, 2.94, 0.79, 177.16, 81.59, 0.08, 177.08, 81.52, 0.08
0.177, -0.23, 3.32, 0.98, 176.97, 81.70, 0.11, 176.99, 81.66, 0.10
0.204, -1.33, -3.53, -0.32, 177.34, 81.87, 0.10, 177.27, 81.83, 0.10
0.231, -1.25, -3.37, 1.91, 176.53, 82.02, 0.15, 176.68, 81.98, 0.14
0.257, -0.34, 2.69, 0.80, 83.74, 82.19, 0.17, 102.08, 82.15, 0.17
0.284, -0.50, 3.80, 0.58, 98.33, 82.22, 0.19, 99.07, 82.20, 0.18
0.311, -1.18, -2.97, -0.34, 110.76, 81.96, 0.18, 108.46, 82.01, 0.18
0.338, -1.09, -1.47, -1.82, 121.31, 82.03, 0.13, 118.77, 82.03, 0.14
0.364, -0.60, 2.15, 0.61, 130.47, 81.93, 0.15, 128.16, 81.95, 0.14
0.391, -0.84, 0.27, 0.58, 138.15, 81.92, 0.16, 136.18, 81.93, 0.16
0.418, -1.07, -3.89, 0.07, 144.23, 81.82, 0.16, 142.64, 81.84, 0.16
0.445, -0.83, -0.29, 0.08, 150.10, 81.95, 0.16, 148.63, 81.93, 0.16
0.471, -0.77, 0.69, 0.48, 155.05, 81.92, 0.18, 153.79, 81.92, 0.18
0.498, -0.98, -0.61, 0.12, 158.69, 81.97, 0.18, 157.73, 81.96, 0.18
0.525, -0.90, -1.21, 0.37, 162.19, 81.96, 0.19, 161.32, 81.96, 0.19
0.552, -0.82, 0.21, 0.51, 165.19, 81.90, 0.20, 164.43, 81.91, 0.20
0.579, -0.67, -0.07, 0.26, 167.35, 81.89, 0.21, 166.78, 81.90, 0.21
0.606, -1.04, -0.77, 0.18, 169.31, 81.93, 0.22, 168.81, 81.93, 0.22
0.632, -0.94, -0.31, 0.41, 170.86, 81.91, 0.23, 170.46, 81.91, 0.23
0.659, -0.92, 0.18, 0.37, 172.48, 81.86, 0.24, 172.08, 81.87, 0.24
0.686, -0.85, -0.50, 0.31, 174.10, 81.83, 0.25, 173.70, 81.84, 0.24
0.713, -0.95, -0.25, 0.40, 175.33, 81.76, 0.26, 175.01, 81.78, 0.25
0.739, -0.90, 1.92, 0.47, 176.20, 81.80, 0.27, 175.97, 81.79, 0.27
0.766, -0.79, -0.30, 0.29, 176.97, 81.81, 0.28, 176.78, 81.80, 0.27
0.793, -0.90, -0.35, 0.44, 177.55, 81.83, 0.29, 177.40, 81.83, 0.29
0.820, -0.68, -0.04, 0.32, 178.17, 81.86, 0.30, 178.01, 81.85, 0.29
0.847, -0.91, -0.44, 0.32, 178.64, 81.94, 0.31, 178.52, 81.92, 0.30
0.873, -0.70, -0.44, 0.31, 178.99, 81.98, 0.31, 178.90, 81.97, 0.31
0.900, -0.92, -0.20, 0.38, 179.61, 81.94, 0.32, 179.47, 81.95, 0.32
0.927, -0.80, 0.14, 0.44, 179.95, 81.91, 0.34, 179.85, 81.92, 0.33
0.953, -0.94, -0.64, 0.34, 180.54, 81.93, 0.34, 180.40, 81.93, 0.34
0.980, -0.79, -0.38, 0.44, 180.66, 81.97, 0.36, 180.61, 81.96, 0.35
1.007, -0.78, 0.27, 0.36, 180.89, 81.98, 0.37, 180.83, 81.98, 0.36
1.034, -0.80, -0.33, 0.30, 181.07, 81.89, 0.37, 181.02, 81.91, 0.37
1.061, -0.85, -1.04, 0.17, 180.97, 81.91, 0.38, 180.98, 81.91, 0.38
1.087, -0.97, -0.02, 0.31, 181.04, 81.94, 0.39, 181.03, 81.93, 0.38
1.114, -0.82, 0.34, 0.38, 181.22, 81.91, 0.40, 181.18, 81.92, 0.39
1.141, -0.95, -0.69, 0.24, 181.22, 81.84, 0.40, 181.21, 81.86, 0.40
1.167, -0.81, -0.89, 0.40, 181.50, 81.83, 0.41, 181.45, 81.84, 0.41
1.194, -0.78, 0.06, 0.47, 181.71, 81.83, 0.43, 181.66, 81.83, 0.42
1.221, -0.79, -0.15, 0.34, 181.79, 81.84, 0.44, 181.77, 81.84, 0.43
1.248, -1.06, -0.84, 0.21, 181.89, 81.74, 0.44, 181.87, 81.76, 0.44
1.274, -1.02, -0.45, 0.39, 181.86, 81.79, 0.45, 181.86, 81.78, 0.45
1.301, -0.76, -0.02, 0.40, 181.94, 81.81, 0.46, 181.92, 81.80, 0.46
1.328, -0.77, -0.32, 0.39, 182.00, 81.78, 0.47, 181.98, 81.78, 0.47
1.355, -0.81, -0.59, 0.31, 182.18, 81.77, 0.48, 182.14, 81.77, 0.48
1.382, -1.02, -1.95, 0.27, 182.43, 81.71, 0.49, 182.37, 81.72, 0.49
1.408, -0.70, -0.05, 0.37, 182.54, 81.71, 0.50, 182.51, 81.71, 0.50
1.435, -1.02, -0.56, 0.40, 182.44, 81.73, 0.51, 182.46, 81.73, 0.51
1.462, -0.69, -0.41, 0.42, 182.36, 81.77, 0.52, 182.38, 81.77, 0.52
1.489, -0.71, -0.02, 0.32, 182.31, 81.79, 0.53, 182.33, 81.79, 0.53
1.515, -0.89, -0.40, 0.24, 182.19, 81.75, 0.54, 182.21, 81.76, 0.53
1.542, -0.98, -0.56, 0.18, 182.08, 81.75, 0.54, 182.11, 81.75, 0.54
1.569, -0.89, -0.19, 0.45, 182.08, 81.77, 0.55, 182.08, 81.77, 0.55
1.596, -0.79, 0.03, 0.34, 182.00, 81.82, 0.56, 182.01, 81.81, 0.56
1.623, -0.85, -0.67, 0.32, 181.92, 81.82, 0.57, 181.94, 81.81, 0.57
1.649, -0.94, -0.59, 0.31, 181.86, 81.82, 0.58, 181.87, 81.82, 0.58
1.676, -0.72, -0.18, 0.52, 181.77, 81.80, 0.59, 181.79, 81.80, 0.59
1.703, -0.62, -0.15, 0.40, 181.62, 81.76, 0.60, 181.66, 81.77, 0.60
1.730, -0.93, -0.49, 0.28, 181.60, 81.77, 0.61, 181.61, 81.77, 0.61
1.757, -0.84, -0.46, 0.35, 181.53, 81.77, 0.62, 181.55, 81.77, 0.62
1.783, -0.65, -0.18, 1.40, 157.08, 81.78, 0.66, 161.91, 81.78, 0.65
1.810, -0.07, -0.16, 0.08, 158.03, 81.83, 0.66, 158.80, 81.82, 0.66
1.837, -0.91, -1.69, -0.53, 158.97, 81.80, 0.64, 158.94, 81.81, 0.65
1.864, -1.05, -0.36, 0.90, 136.05, 81.75, 0.67, 140.56, 81.76, 0.66
1.890, -0.44, 1.07, 0.79, 137.92, 81.77, 0.69, 138.44, 81.77, 0.69
1.917, -0.89, -0.66, -0.21, 139.79, 81.69, 0.68, 139.52, 81.70, 0.68
1.944, -1.16, -1.80, 0.37, 141.60, 81.66, 0.69, 141.19, 81.67, 0.69
1.971, -0.66, 0.15, 0.54, 143.26, 81.72, 0.71, 142.85, 81.71, 0.71
1.997, -0.53, 1.32, 0.37, 144.82, 81.76, 0.72, 144.43, 81.75, 0.72
2.024, -1.03, -1.18, 0.15, 146.33, 81.75, 0.72, 145.96, 81.75, 0.72
2.051, -1.14, -1.55, 0.32, 147.89, 81.73, 0.73, 147.51, 81.73, 0.73
2.078, -0.71, 0.60, 0.43, 149.31, 81.72, 0.74, 148.96, 81.72, 0.74
2.104, -0.56, 0.69, 0.60, 150.80, 81.73, 0.76, 150.43, 81.73, 0.76
2.131, -1.22, -0.92, 0.16, 152.14, 81.71, 0.76, 151.80, 81.71, 0.76
2.158, -0.98, -0.83, 0.16, 153.16, 81.69, 0.77, 152.89, 81.70, 0.77
2.184, -0.69, 0.37, 0.36, 154.33, 81.73, 0.78, 154.04, 81.72, 0.77
2.211, -0.83, 1.92, 0.47, 155.62, 81.85, 0.79, 155.31, 81.82, 0.79
2.238, -0.82, -0.66, 0.32, 156.89, 81.80, 0.80, 156.58, 81.81, 0.80
2.264, -0.67, -0.40, 0.44, 157.96, 81.80, 0.81, 157.68, 81.80, 0.81
2.291, -0.73, 0.01, 0.44, 159.00, 81.83, 0.82, 158.74, 81.82, 0.82
2.318, -0.69, -0.49, 0.36, 160.06, 81.84, 0.83, 159.80, 81.84, 0.83
2.344, 0.34, 4.78, 2.76, 139.06, 81.97, 0.90, 143.16, 81.94, 0.89
2.371, 1.58, 1.21, 0.25, 140.97, 82.01, 0.91, 141.40, 81.99, 0.91
2.398, -0.60, 0.81, 0.97, 120.99, 82.09, 0.94, 125.02, 82.07, 0.93
2.424, -0.83, -1.02, 1.70, 101.97, 82.03, 0.98, 106.51, 82.04, 0.97
2.451, -37.05, -63.27, -162.75, 100.71, 73.81, -3.37, 101.85, 75.43, -2.51
2.478, -229.27, -104.23, 250.13, 93.34, 69.22, 3.34, 95.02, 70.44, 2.19
2.505, -112.50, -6.16, -181.99, 92.74, 66.89, -1.53, 93.19, 67.59, -0.80
2.532, -134.64, -72.86, -156.37, 91.91, 65.71, -5.72, 92.16, 66.08, -4.75
2.558, -100.21, -24.44, -32.43, 72.42, 65.99, -6.59, 76.31, 66.01, -6.23
2.585, 79.16, 40.11, -44.52, 62.78, 66.80, -7.78, 65.44, 66.64, -7.47
2.612, 117.63, -8.38, 184.36, 53.94, 67.52, -2.84, 56.20, 67.35, -3.76
2.639, 68.89, -85.73, 56.76, 43.13, 65.91, -1.32, 45.71, 66.19, -1.80
2.665, -4.10, -250.14, -4.56, 27.93, 60.66, -1.45, 31.44, 61.75, -1.52
2.692, -26.47, -250.14, -21.32, 19.98, 55.61, -2.02, 22.24, 56.82, -1.92
2.719, 12.63, -250.14, 45.06, 15.13, 50.35, -0.81, 16.53, 51.63, -1.03
2.746, -22.15, -59.76, 27.25, 2.56, 51.04, -0.08, 5.32, 51.16, -0.27
2.772, -101.53, -81.22, 13.94, -0.08, 50.73, 0.29, 0.98, 50.81, 0.18
2.799, -9.27, -250.14, 69.50, -2.93, 45.91, 2.15, -2.15, 46.88, 1.76
2.826, 9.53, -250.14, -12.71, -7.16, 40.17, 1.81, -6.18, 41.49, 1.80
2.853, 98.47, -250.14, -86.37, -7.22, 34.15, -0.50, -7.02, 35.60, -0.05
2.879, -1.53, -250.14, -116.11, -10.14, 29.19, -3.61, -9.52, 30.45, -2.91
2.906, -94.98, -134.31, -39.63, -15.05, 25.83, -4.67, -13.96, 26.74, -4.33
2.933, 93.06, -250.14, -27.58, -14.19, 19.84, -5.41, -14.15, 21.20, -5.20
2.960, 115.90, -250.14, -7.66, -15.50, 14.63, -5.61, -15.23, 15.92, -5.53
2.987, 57.61, -250.14, 37.25, -16.29, 8.04, -4.62, -16.08, 9.60, -4.80
3.013, 20.98, -167.92, -16.76, -17.96, 2.62, -5.07, -17.59, 4.00, -5.01
3.040, 86.11, -250.14, 39.67, -17.56, -3.75, -4.00, -17.57, -2.22, -4.20
3.067, 91.05, -248.40, 40.35, -16.21, -10.24, -2.92, -16.48, -8.66, -3.18
3.094, 125.95, -250.14, 46.20, -14.12, -17.59, -1.69, -14.59, -15.83, -1.98
3.120, 114.27, -248.18, -63.52, -12.07, -24.02, -3.38, -12.57, -22.41, -3.11
3.147, 250.13, -173.30, 250.13, -11.33, -29.97, 3.30, -11.57, -28.48, 2.04
3.174, 227.86, -142.82, 80.34, -4.83, -33.66, 5.45, -6.16, -32.64, 4.78
3.200, 118.62, -242.74, -50.97, -2.67, -39.58, 4.09, -3.36, -38.20, 4.23
3.227, 197.37, -129.94, 65.84, 0.12, -44.11, 5.85, -0.57, -42.94, 5.53
3.254, 87.04, -68.25, -126.36, 1.68, -46.38, 2.48, 1.24, -45.70, 3.08
3.280, 250.13, -164.23, 127.56, 8.52, -50.77, 5.88, 7.08, -49.76, 5.33
3.307, 185.45, -105.92, 173.24, 15.56, -54.62, 10.49, 13.88, -53.66, 9.47
3.334, 165.15, 18.92, 96.09, 20.35, -55.10, 13.06, 19.07, -54.81, 12.35
3.361, 96.94, -40.50, -41.54, 24.18, -56.56, 11.95, 23.17, -56.21, 12.03
3.387, 62.53, -36.47, -92.03, 27.96, -57.05, 9.48, 27.02, -56.89, 9.98
3.414, -23.34, -0.61, 250.13, 28.12, -52.86, 16.17, 27.90, -53.66, 14.95
3.441, -219.98, 250.13, 250.13, 28.95, -46.86, 22.86, 28.75, -48.20, 21.30
3.468, -71.67, 250.13, 250.13, 33.71, -39.64, 29.60, 32.74, -41.32, 27.97
3.495, -250.14, -146.36, -207.69, 18.20, -40.21, 24.04, 21.06, -40.43, 24.81
3.521, -239.34, 7.89, 74.05, 5.16, -39.24, 26.02, 8.29, -39.47, 25.78
3.548, 100.86, 250.13, 250.13, -4.38, -34.22, 32.71, -1.88, -35.26, 31.35
3.575, 250.13, 250.13, 250.13, -9.21, -25.85, 39.41, -7.77, -27.70, 37.82
3.602, 250.13, 250.13, 250.13, -11.30, -16.07, 46.10, -10.60, -18.37, 44.47
3.628, 249.47, 250.13, -250.14, -11.90, -5.92, 39.40, -11.64, -8.38, 40.40
3.655, 250.13, 186.24, -250.14, -11.08, 2.26, 32.72, -11.19, 0.16, 34.23
3.682, 250.13, 250.13, -250.14, -10.87, 8.88, 26.05, -10.93, 7.16, 27.67
3.709, 250.13, 119.73, -101.64, -14.98, 15.94, 23.33, -14.18, 14.21, 24.18
3.735, 250.13, 104.84, -141.90, -18.87, 20.70, 19.53, -17.94, 19.42, 20.45
3.762, 250.13, 171.50, -154.27, -23.57, 26.62, 15.41, -22.46, 25.20, 16.40
3.789, 250.13, 250.13, -44.18, -28.88, 34.17, 14.22, -27.61, 32.40, 14.65
3.816, 75.79, -176.96, 250.13, -19.92, 31.37, 20.92, -21.44, 31.57, 19.68
3.842, -19.81, 142.37, 184.42, -17.74, 33.49, 25.86, -18.47, 33.12, 24.64
3.869, -76.20, 142.91, 77.58, -17.26, 38.09, 27.94, -17.50, 37.11, 27.29
3.896, -129.56, 112.95, -98.11, -31.08, 42.84, 25.31, -28.40, 41.71, 25.70
3.923, -250.14, -225.41, -250.14, -32.29, 37.75, 18.62, -31.52, 38.53, 20.02
3.949, 93.79, -161.24, 95.96, -35.56, 29.53, 21.19, -34.76, 31.30, 20.96
3.976, 43.38, 157.82, 31.85, -36.67, 36.95, 22.05, -36.29, 35.84, 21.83
4.003, 159.46, 89.03, 250.13, -38.18, 42.47, 28.74, -37.81, 41.16, 27.38
4.030, 71.82, 40.77, 151.20, -30.23, 45.08, 32.79, -31.73, 44.31, 31.72
4.057, -28.94, -17.32, -72.32, -24.74, 46.49, 30.85, -26.12, 46.06, 31.02
4.083, -62.39, -61.20, -104.99, -20.58, 47.53, 28.04, -21.67, 47.24, 28.63
4.110, -50.53, -28.33, -83.90, -17.84, 49.74, 25.79, -18.60, 49.25, 26.35
4.137, 16.53, 13.33, 38.89, -17.16, 53.06, 26.83, -17.44, 52.31, 26.74
4.163, -100.15, -51.73, -32.21, -13.07, 53.88, 25.97, -13.93, 53.57, 26.13
4.190, -105.22, -85.55, -107.81, -8.13, 53.13, 23.09, -9.28, 53.21, 23.69
4.217, -17.79, -87.01, -10.01, -15.27, 53.50, 22.82, -14.09, 53.45, 23.00
4.244, 38.48, 48.50, -99.25, -13.41, 57.33, 20.16, -13.55, 56.57, 20.72
4.271, 9.79, 25.01, 109.23, -21.90, 60.02, 23.08, -20.25, 59.34, 22.62
4.297, 44.95, 36.60, -11.35, -14.95, 63.35, 22.78, -16.00, 62.56, 22.75
4.324, 50.22, 58.44, 105.51, -17.13, 66.86, 25.61, -16.90, 66.01, 25.04
4.351, 41.90, 18.93, 69.60, -10.01, 68.63, 27.47, -11.37, 68.12, 26.99
4.378, -2.85, -3.18, 4.73, -0.94, 70.63, 27.60, -3.00, 70.14, 27.48
4.404, -152.21, 18.15, -75.52, 2.14, 72.06, 25.58, 1.13, 71.68, 25.95
4.431, 83.81, 27.39, 250.13, 10.06, 74.08, 32.26, 8.29, 73.61, 31.01
4.458, -25.13, -68.98, 43.62, 9.81, 72.70, 33.43, 9.51, 72.88, 32.95
4.485, -159.61, -250.14, -47.44, 12.61, 67.13, 32.15, 12.00, 68.26, 32.31
4.512, -115.29, -224.88, 186.92, 17.60, 61.91, 37.16, 16.50, 63.16, 36.21
4.538, -162.75, -250.14, -94.44, 19.94, 57.30, 34.62, 19.26, 58.45, 34.93
4.565, -250.14, -250.14, 51.08, 18.27, 52.28, 35.98, 18.46, 53.50, 35.78
4.592, -250.14, -250.14, -22.41, 13.44, 48.74, 35.38, 14.43, 49.68, 35.46
4.619, -148.05, -250.14, -137.89, 3.74, 42.21, 31.69, 5.85, 43.68, 32.44
4.646, 8.63, -250.14, 109.77, 3.66, 31.88, 34.63, 4.09, 34.20, 34.20
4.672, 38.71, -230.49, 234.97, 3.96, 27.38, 40.92, 3.99, 28.72, 39.60
4.699, -81.34, -250.14, 172.16, 1.13, 22.99, 45.51, 1.70, 24.12, 44.34
4.726, -48.31, -250.14, 91.21, -1.06, 14.73, 47.96, -0.52, 16.58, 47.25
4.753, -10.93, -250.14, 58.53, -2.50, 5.99, 49.53, -2.11, 8.07, 49.08
4.779, -26.08, -250.14, 143.73, -2.53, -1.33, 53.37, -2.44, 0.53, 52.53
4.806, -22.12, -240.24, 170.46, -3.52, -9.81, 57.93, -3.31, -7.77, 56.87
4.833, -33.54, -250.14, 175.98, -5.50, -17.09, 62.64, -5.07, -15.25, 61.50
4.860, -40.31, -249.76, 87.47, -8.41, -24.86, 64.99, -7.76, -22.97, 64.30
4.886, -4.32, -176.85, 98.89, -10.42, -30.65, 67.63, -9.89, -29.13, 66.97
4.913, -44.48, -133.94, 21.71, -13.85, -35.42, 68.21, -13.07, -34.18, 67.97
4.940, -25.83, -98.32, 81.50, -16.29, -38.75, 70.39, -15.66, -37.85, 69.91
4.967, -29.08, -102.00, -12.73, -19.13, -41.77, 70.05, -18.45, -41.00, 70.02
4.994, -26.76, -47.44, -44.97, -21.80, -44.41, 68.82, -21.15, -43.75, 69.06
5.021, -6.04, 84.99, -0.72, -23.49, -43.53, 68.80, -23.03, -43.58, 68.85
5.048, 1.77, 149.05, -46.08, -25.27, -40.69, 67.55, -24.83, -41.25, 67.81
5.076, -9.80, 228.08, -55.84, -27.25, -35.88, 66.04, -26.78, -36.93, 66.39
5.103, -2.32, 250.13, -203.66, -30.23, -31.00, 60.51, -29.56, -32.15, 61.65
5.130, 14.56, 250.13, 86.66, -29.29, -26.63, 62.86, -29.34, -27.70, 62.62
5.157, 90.60, 250.13, 105.67, -30.66, -20.65, 65.72, -30.40, -22.02, 65.12
5.184, 189.79, 250.13, 21.44, -31.21, -15.17, 66.31, -31.05, -16.50, 66.07
5.211, 199.80, 250.13, 15.11, -25.11, -5.54, 66.72, -26.27, -7.67, 66.59
5.239, 193.48, 250.13, -128.31, -21.53, 1.23, 63.22, -22.45, -0.50, 63.87
5.266, 219.47, 250.13, 2.77, -14.05, 11.81, 63.29, -15.68, 9.42, 63.41
5.293, 168.66, 250.13, -97.11, -8.74, 21.82, 60.65, -10.08, 19.41, 61.18
5.320, 207.11, 250.13, -28.30, -0.98, 31.61, 59.88, -2.75, 29.24, 60.13
5.348, 162.84, 227.16, -46.88, 9.19, 40.62, 58.60, 6.87, 38.41, 58.90
5.375, 147.25, 180.18, -14.81, 16.64, 47.69, 58.20, 14.74, 45.89, 58.33
5.402, 100.72, 161.27, -9.16, 23.59, 54.09, 57.95, 21.87, 52.50, 58.02
5.429, 90.82, 79.00, -50.71, 30.01, 57.88, 56.57, 28.43, 56.84, 56.85
5.457, 87.68, 46.59, 28.89, 34.41, 60.43, 57.35, 33.25, 59.73, 57.26
5.484, 121.42, 44.87, -46.94, 44.75, 63.12, 56.07, 42.52, 62.46, 56.30
5.511, 106.72, 20.22, 16.11, 50.49, 63.97, 56.51, 48.94, 63.68, 56.47
5.538, 125.06, 51.71, -6.27, 56.62, 66.91, 56.34, 55.13, 66.28, 56.36
5.566, 57.53, 28.62, 23.72, 59.88, 68.28, 56.98, 58.96, 67.89, 56.86
5.593, 82.54, 31.97, 0.69, 67.45, 69.75, 57.00, 65.80, 69.39, 56.97
5.620, 92.83, 54.00, 11.21, 72.55, 71.46, 57.31, 71.24, 71.06, 57.24
5.647, 71.71, 35.16, -23.00, 78.17, 73.50, 56.68, 76.82, 73.03, 56.79
5.675, 94.04, 48.34, 36.69, 83.61, 74.88, 57.68, 82.29, 74.52, 57.51
5.702, -16.27, -6.04, 72.18, 86.44, 75.58, 59.65, 85.63, 75.38, 59.24
5.729, -14.91, -19.70, 71.91, 88.54, 75.30, 61.61, 87.98, 75.32, 61.15
5.757, 0.69, -1.23, 95.95, 90.48, 75.54, 64.23, 89.99, 75.50, 63.63
5.784, 66.63, 49.57, 94.77, 93.55, 76.71, 66.81, 92.86, 76.48, 66.20
5.811, 9.36, -69.73, 17.34, 94.70, 73.27, 67.29, 94.34, 73.89, 67.07
5.838, -225.79, -183.44, 3.23, 74.27, 69.32, 67.37, 78.17, 70.21, 67.32
5.865, -173.56, -191.47, 14.78, 72.58, 64.03, 67.78, 73.66, 65.23, 67.69
5.893, -178.21, -214.96, 51.62, 71.33, 59.26, 69.18, 71.78, 60.42, 68.89
5.920, -156.82, -250.14, 187.00, 67.43, 53.85, 74.29, 68.27, 55.12, 73.24
5.947, -226.68, -250.14, 176.56, 65.20, 48.89, 79.10, 65.80, 50.10, 77.96
5.974, -219.82, -250.14, 129.11, 60.35, 44.36, 82.62, 61.40, 45.47, 81.71
6.002, -250.14, -250.14, 126.44, 54.39, 39.16, 86.06, 55.75, 40.39, 85.22
6.029, -250.14, -250.14, 64.17, 47.10, 35.64, 87.81, 48.78, 36.57, 87.30
6.056, -250.14, -250.14, 61.40, 41.27, 30.40, 89.48, 42.73, 31.60, 89.06
6.083, -243.31, -250.14, 51.53, 30.36, 21.21, 90.89, 32.77, 23.23, 90.53
6.111, -250.14, -223.73, 126.96, 24.75, 15.07, 94.34, 26.31, 16.66, 93.60
6.138, -176.94, -236.54, 37.98, 17.34, 8.30, 95.38, 19.08, 9.92, 95.04
6.165, -189.29, -250.14, 18.61, 9.89, 0.77, 95.89, 11.68, 2.55, 95.72
6.192, -75.88, -227.63, 127.39, 4.43, -7.02, 99.35, 5.84, -5.16, 98.64
6.220, 7.11, -184.97, 250.13, 1.92, -12.99, 106.18, 2.68, -11.47, 104.72
6.247, 39.99, -172.44, 250.13, 0.11, -18.11, 113.00, 0.61, -16.82, 111.39
6.274, 48.27, -99.74, 246.52, -1.56, -20.97, 119.68, -1.14, -20.16, 118.07
6.301, -137.35, -184.42, 50.30, -6.92, -25.01, 121.05, -5.79, -24.07, 120.47
6.329, -101.55, -196.33, 50.19, -11.92, -29.76, 122.42, -10.73, -28.66, 122.04
6.356, -146.38, -207.10, 48.87, -17.73, -34.65, 123.75, -16.37, -33.49, 123.42
6.383, -14.26, -103.22, 82.40, -21.44, -37.74, 126.00, -20.46, -36.91, 125.50
6.410, -23.69, -59.79, 44.22, -24.13, -38.96, 127.20, -23.42, -38.56, 126.87
6.438, -58.50, -116.76, 55.05, -27.51, -41.24, 128.70, -26.71, -40.72, 128.34
6.465, -81.51, -111.19, -41.50, -32.08, -43.44, 127.57, -31.04, -42.91, 127.72
6.492, -38.05, -37.12, 33.24, -35.48, -44.58, 128.47, -34.61, -44.26, 128.33
6.519, -28.39, 6.06, 29.28, -38.83, -43.73, 129.27, -38.01, -43.84, 129.09
6.547, -26.02, -17.71, 41.11, -41.08, -43.43, 130.40, -40.49, -43.51, 130.15
6.574, -47.10, -13.05, 8.93, -44.79, -43.46, 130.64, -43.96, -43.47, 130.55
6.601, 34.84, 60.37, 13.34, -47.09, -41.58, 131.00, -46.48, -41.95, 130.92
6.628, 125.27, 144.15, 228.09, -44.66, -37.44, 137.22, -45.01, -38.32, 136.00
6.656, 127.66, 106.26, -52.47, -44.18, -33.02, 135.79, -44.34, -34.05, 135.83
6.683, 192.89, 130.18, -219.94, -42.84, -29.23, 129.79, -43.13, -30.17, 130.97
6.710, 247.19, 104.01, -228.39, -38.67, -26.17, 123.57, -39.53, -26.95, 125.00
6.737, 250.13, 250.13, -150.49, -35.73, -20.36, 119.47, -36.47, -21.64, 120.54
6.765, 250.13, 250.13, -165.31, -29.38, -16.13, 114.96, -30.76, -17.20, 116.05
6.792, 250.13, 250.13, -250.14, -24.22, -8.60, 108.13, -25.49, -10.27, 109.67
6.819, 250.13, 250.13, -203.19, -18.00, -1.91, 102.60, -19.46, -3.53, 103.98
6.846, 250.13, 226.56, -250.14, -9.13, 7.16, 95.78, -11.14, 5.08, 97.38
6.874, 220.64, 208.46, -213.90, -1.92, 14.57, 89.94, -3.71, 12.73, 91.38
6.901, 250.13, 250.13, -221.24, 6.21, 23.22, 83.91, 4.28, 21.18, 85.36
6.928, 145.67, 154.30, -223.36, 13.03, 29.14, 77.82, 11.33, 27.60, 79.29
6.956, 123.74, 161.96, -203.90, 20.70, 36.53, 72.26, 18.88, 34.79, 73.63
6.983, 203.74, 250.13, -213.76, 30.18, 45.48, 66.44, 27.99, 43.40, 67.84
7.010, 174.47, 250.13, -126.80, 37.33, 53.58, 62.99, 35.51, 51.60, 63.93
7.037, 165.13, 162.84, -138.50, 43.83, 59.58, 59.22, 42.21, 58.03, 60.13
7.064, 165.58, 131.76, -92.08, 51.26, 63.85, 56.72, 49.50, 62.71, 57.39
7.092, 80.91, 83.98, -157.06, 57.36, 66.75, 52.43, 55.83, 65.97, 53.39
7.119, 138.08, 87.42, -119.28, 65.46, 70.11, 49.18, 63.59, 69.31, 49.99
7.146, 130.16, 89.47, -2.79, 71.08, 72.50, 49.10, 69.62, 71.88, 49.27
7.173, 76.82, 32.49, -18.40, 76.18, 73.62, 48.60, 74.90, 73.28, 48.73
7.201, -224.92, -155.98, 194.37, 73.92, 68.00, 53.89, 74.11, 69.02, 52.89
7.228, -93.15, 5.57, 56.67, 72.19, 69.00, 55.43, 72.57, 69.00, 54.94
7.255, 19.60, 145.62, 43.05, 73.80, 73.04, 56.61, 73.56, 72.26, 56.28
7.282, -225.64, -248.99, -131.85, 70.02, 64.85, 53.02, 70.71, 66.29, 53.66
7.310, -157.05, -161.10, -23.53, 69.10, 60.67, 52.38, 69.41, 61.76, 52.63
7.337, -250.14, -250.14, -250.14, 64.81, 55.31, 45.57, 65.71, 56.56, 46.94
7.364, 92.84, -250.14, -202.55, 58.38, 50.10, 40.05, 59.80, 51.35, 41.39
7.391, 250.13, -250.14, 195.53, 52.22, 44.19, 45.38, 53.69, 45.58, 44.60
7.419, 104.27, -250.14, 250.13, 49.07, 38.07, 52.20, 49.97, 39.53, 50.72
7.446, 87.02, -250.14, 250.13, 46.58, 33.36, 59.01, 47.24, 34.56, 57.39
7.473, 102.84, -250.14, 250.13, 43.68, 28.54, 65.84, 44.37, 29.71, 64.20
7.500, 131.46, -250.14, 250.13, 40.93, 20.57, 72.66, 41.60, 22.35, 71.02
7.528, 115.03, -250.14, 233.02, 36.61, 11.62, 79.01, 37.58, 13.70, 77.46
7.555, 97.91, -250.14, 130.27, 30.80, 3.10, 82.55, 32.12, 5.17, 81.56
7.582, 120.05, -250.14, 82.50, 23.86, -5.99, 84.80, 25.46, -3.82, 84.17
7.609, 135.24, -250.14, 27.59, 18.71, -15.01, 85.55, 20.02, -12.83, 85.28
7.637, 182.24, -250.14, 29.75, 12.67, -24.07, 86.36, 14.10, -21.88, 86.15
7.664, 228.58, -250.14, 92.74, 5.94, -32.25, 88.89, 7.52, -30.24, 88.36
7.691, 196.69, -240.91, 75.57, 18.48, -39.73, 90.95, 16.35, -37.88, 90.45
7.718, 123.76, -149.33, 54.46, 28.19, -44.58, 92.43, 25.89, -43.28, 92.05
7.746, 99.59, -78.15, 16.63, 36.88, -47.12, 92.89, 34.74, -46.38, 92.72
7.773, 68.69, -58.18, 7.81, 43.76, -48.66, 93.10, 42.01, -48.21, 93.03
7.800, 45.18, -35.11, 9.47, 49.39, -49.53, 93.36, 47.95, -49.28, 93.29
7.827, 34.22, 17.28, 4.06, 54.32, -49.15, 93.47, 53.08, -49.17, 93.43
7.854, -38.60, -7.45, 8.18, 56.97, -49.43, 93.69, 56.21, -49.38, 93.64
7.881, -36.83, 62.43, 5.98, 60.36, -48.17, 93.85, 59.56, -48.41, 93.81
7.909, -51.33, 101.02, 7.11, 63.32, -45.85, 94.05, 62.59, -46.34, 94.00
7.936, -83.27, 128.79, 33.66, 65.48, -42.58, 94.96, 64.92, -43.31, 94.78
7.963, -120.59, 189.71, 32.20, 67.27, -38.44, 95.84, 66.81, -39.38, 95.63
7.990, -125.79, 213.65, -7.21, 67.02, -35.09, 95.64, 66.98, -35.93, 95.64
8.018, -156.30, 250.13, 55.23, 67.63, -31.03, 97.15, 67.50, -31.98, 96.85
8.045, -123.11, 250.13, 6.31, 69.31, -27.51, 97.32, 68.95, -28.38, 97.23
8.072, -217.10, 250.13, 10.73, 55.89, -24.14, 97.61, 58.43, -24.97, 97.53
8.099, -153.09, 250.13, -104.31, 43.06, -20.00, 94.78, 46.06, -20.97, 95.31
8.126, -250.14, 250.13, -108.34, 27.02, -16.74, 91.84, 30.73, -17.56, 92.52
8.153, -250.14, 250.13, 147.40, 14.79, -12.45, 95.83, 17.90, -13.45, 95.19
8.180, -104.60, 250.13, -98.40, 5.62, -5.27, 93.16, 8.01, -6.86, 93.56
8.207, -154.15, 250.13, -219.47, -3.71, 1.63, 87.20, -1.43, -0.02, 88.44
8.235, -143.47, 250.13, -191.66, -12.24, 7.23, 82.00, -10.13, 5.82, 83.26
8.262, -90.26, 250.13, -222.30, -18.62, 14.56, 75.97, -16.97, 12.86, 77.39
8.289, -89.22, 250.13, -250.14, -23.77, 21.89, 69.17, -22.45, 20.13, 70.77
8.316, -44.92, 250.13, -161.45, -28.64, 27.85, 64.79, -27.43, 26.35, 65.95
8.343, -5.68, 250.13, -95.55, -31.28, 34.16, 62.20, -30.53, 32.64, 62.93
8.370, 62.77, 210.40, -224.82, -32.12, 40.20, 56.10, -31.81, 38.73, 57.43
8.397, 5.32, 183.35, -143.04, -34.69, 45.04, 52.23, -34.13, 43.80, 53.24
8.424, -15.23, 250.13, -113.51, -37.93, 50.89, 49.15, -37.19, 49.51, 49.95
8.451, -3.01, 87.13, -101.85, -39.43, 52.78, 46.39, -38.99, 52.14, 47.09
8.479, 99.02, 89.46, -92.85, -40.08, 54.14, 43.86, -39.87, 53.75, 44.49
8.506, 99.95, 87.14, 46.33, -40.56, 54.99, 45.12, -40.42, 54.75, 44.99
8.533, 250.13, -64.36, 73.74, -36.63, 52.67, 47.12, -37.37, 53.07, 46.71
8.560, 250.13, -14.26, 166.69, -31.68, 51.05, 51.65, -32.79, 51.45, 50.68
8.587, 250.13, -181.34, 208.86, -27.09, 46.66, 57.31, -28.20, 47.60, 56.01
8.614, 250.13, -199.97, 250.13, -23.77, 40.66, 64.09, -24.63, 42.01, 62.52
8.642, 205.30, -30.21, 199.21, -18.52, 39.98, 69.48, -19.71, 40.37, 68.12
8.669, 250.13, -63.63, 157.25, -11.60, 37.60, 73.76, -13.18, 38.14, 72.66
8.696, 201.15, -104.45, 250.13, -4.79, 34.08, 80.55, -6.43, 34.87, 79.01
8.723, 192.08, -97.02, 250.13, 2.76, 30.84, 87.33, 0.97, 31.62, 85.71
8.750, 199.34, -150.12, 250.13, 9.23, 26.20, 94.12, 7.62, 27.26, 92.48
8.777, 183.18, -120.61, 248.02, 15.54, 21.77, 100.85, 14.00, 22.84, 99.22
8.804, 164.45, -95.39, 250.13, 20.90, 17.77, 107.62, 19.55, 18.76, 105.98
8.831, 152.73, -84.41, 250.13, 25.79, 13.43, 114.40, 24.58, 14.47, 112.75
8.858, 145.65, -100.00, 225.27, 31.10, 8.11, 120.48, 29.82, 9.36, 118.97
8.886, 112.15, -99.36, 240.47, 35.16, 2.75, 127.00, 34.11, 4.04, 125.43
8.913, 76.49, -76.84, 178.53, 38.68, -2.15, 131.83, 37.79, -0.94, 130.58
8.940, 59.19, -101.17, 160.12, 41.40, -7.85, 136.18, 40.69, -6.50, 135.09
8.967, 46.60, -67.18, 104.56, 43.67, -12.30, 139.01, 43.09, -11.17, 138.25
8.994, -51.12, -67.36, 5.05, 43.52, -16.51, 139.15, 43.44, -15.47, 138.97
9.021, -167.81, -71.07, -79.05, 40.93, -21.09, 137.00, 41.42, -20.00, 137.39
9.048, -178.02, -61.95, -105.76, 37.97, -25.42, 134.13, 38.64, -24.36, 134.77
9.075, -128.02, 21.18, -9.02, 36.69, -28.13, 133.89, 37.07, -27.40, 134.06
9.102, -75.92, 74.50, 6.61, 35.92, -28.83, 134.07, 36.14, -28.55, 134.07
9.130, -60.06, 55.89, -0.98, 35.22, -29.27, 134.04, 35.40, -29.13, 134.05
9.157, -51.15, 48.50, -7.02, 34.37, -30.00, 133.85, 34.57, -29.83, 133.89
9.184, -43.78, 59.57, -4.93, 33.49, -30.28, 133.72, 33.70, -30.19, 133.75
9.211, -17.18, 48.73, 2.03, 33.04, -30.45, 133.77, 33.17, -30.40, 133.77
9.238, -13.73, 41.20, -1.62, 32.96, -30.73, 133.73, 33.00, -30.66, 133.73
9.265, 1.02, 21.98, -8.05, 33.26, -31.60, 133.51, 33.21, -31.42, 133.55
9.292, 0.62, 30.05, -11.73, 33.72, -32.22, 133.19, 33.62, -32.06, 133.26
9.319, 10.23, 35.57, -5.87, 34.26, -32.62, 133.03, 34.14, -32.51, 133.08
9.347, 10.28, 23.74, -6.30, 35.08, -33.12, 132.86, 34.90, -33.00, 132.90
9.374, 4.69, 20.56, -10.47, 35.53, -33.69, 132.58, 35.41, -33.55, 132.64
9.401, 1.33, 15.97, -4.49, 35.95, -34.23, 132.46, 35.84, -34.09, 132.49
9.428, -2.23, 17.90, -8.50, 36.57, -34.87, 132.23, 36.42, -34.72, 132.28
9.455, 8.03, 19.46, 3.69, 37.32, -35.40, 132.33, 37.15, -35.27, 132.32
9.482, 5.38, 24.94, 9.45, 37.96, -35.83, 132.58, 37.80, -35.72, 132.53
9.509, 7.20, 30.80, -2.74, 38.35, -35.91, 132.51, 38.25, -35.87, 132.51
9.537, -5.86, 15.80, -6.64, 38.69, -36.18, 132.33, 38.60, -36.12, 132.36
9.564, 6.53, 3.50, -11.47, 39.26, -36.92, 132.01, 39.14, -36.77, 132.08
9.592, 9.84, 6.58, -3.08, 39.89, -37.45, 131.92, 39.75, -37.32, 131.95
9.620, 7.80, 2.63, 7.18, 40.44, -37.91, 132.12, 40.31, -37.80, 132.09
9.647, 11.34, -6.34, 2.60, 41.11, -38.72, 132.19, 40.96, -38.54, 132.17
9.674, -4.55, 0.18, 2.15, 41.54, -39.43, 132.25, 41.42, -39.25, 132.24
9.701, -13.02, 23.50, 1.15, 41.59, -39.62, 132.28, 41.56, -39.55, 132.27
9.729, -8.16, 30.66, 0.67, 41.48, -39.39, 132.30, 41.50, -39.42, 132.30
9.756, -13.89, 23.21, 2.89, 41.27, -39.22, 132.38, 41.31, -39.26, 132.36
9.783, -14.78, 24.53, -4.68, 40.95, -39.13, 132.25, 41.02, -39.16, 132.28
9.810, -9.16, 16.71, -6.15, 40.98, -39.09, 132.09, 40.99, -39.10, 132.12
9.838, -6.99, 5.24, -10.97, 40.88, -39.35, 131.79, 40.90, -39.30, 131.85
9.865, -16.92, 7.32, -10.72, 40.62, -39.43, 131.49, 40.68, -39.40, 131.56
9.892, -24.04, -2.23, -8.07, 40.13, -39.51, 131.27, 40.24, -39.49, 131.33
9.919, 21.37, -27.63, -15.08, 40.72, -40.50, 130.86, 40.63, -40.30, 130.95
9.947, 8.42, -5.92, -6.84, 41.44, -41.04, 130.68, 41.28, -40.90, 130.73
9.974, 22.56, 15.49, 6.79, 42.33, -40.98, 130.86, 42.13, -40.96, 130.84
10.001, 29.75, 13.37, 8.05, 43.38, -40.62, 131.08, 43.13, -40.69, 131.03
10.028, 42.07, -1.31, 9.46, 44.68, -40.73, 131.34, 44.38, -40.72, 131.28
10.056, 18.70, -5.83, 0.37, 45.51, -41.03, 131.35, 45.29, -40.97, 131.34
10.083, 6.16, -7.63, 3.24, 45.97, -41.44, 131.44, 45.84, -41.35, 131.42
10.110, 4.42, 10.70, -4.44, 46.21, -41.35, 131.32, 46.14, -41.35, 131.34
10.137, 8.47, 9.53, 0.65, 46.61, -41.03, 131.34, 46.52, -41.09, 131.34
10.165, 8.05, -5.56, 3.82, 46.98, -41.02, 131.44, 46.89, -41.03, 131.42
10.192, 4.36, 1.24, 10.79, 47.43, -41.02, 131.73, 47.32, -41.02, 131.67
10.219, 18.52, 23.62, 66.63, 48.08, -40.38, 133.55, 47.94, -40.51, 133.19
10.246, 56.66, 11.89, 110.85, 49.64, -40.03, 136.56, 49.31, -40.12, 135.91
10.274, -69.68, 29.30, 26.57, 48.78, -38.99, 137.29, 48.88, -39.21, 137.02
10.301, -144.24, 13.03, 54.89, 45.04, -38.25, 138.78, 45.79, -38.44, 138.44
10.328, -107.44, -9.17, 40.17, 42.79, -38.76, 139.88, 43.37, -38.70, 139.60
10.355, -167.98, 37.41, 59.41, 39.25, -38.69, 141.49, 40.06, -38.69, 141.13
10.383, -130.63, 70.66, 72.09, 36.73, -38.55, 143.46, 37.38, -38.57, 143.01
10.410, -93.24, 199.54, 89.95, 36.68, -36.12, 145.90, 36.82, -36.60, 145.34
10.437, -122.07, 250.13, 5.49, 36.51, -31.88, 146.05, 36.57, -32.80, 145.91
10.464, -194.92, 250.13, -9.21, 33.66, -28.94, 145.80, 34.23, -29.69, 145.82
10.492, -130.95, 250.13, -20.02, 24.10, -24.01, 145.25, 26.06, -25.11, 145.36
10.519, -89.92, 250.13, -97.18, 15.29, -17.87, 142.61, 17.39, -19.28, 143.14
10.546, -17.40, 250.13, -135.75, 8.71, -8.18, 138.91, 10.40, -10.34, 139.73
10.573, -32.34, 250.13, -214.64, 4.03, 1.99, 133.06, 5.26, -0.40, 134.35
10.601, 29.21, 250.13, -200.44, 0.66, 10.80, 127.59, 1.55, 8.63, 128.90
10.628, 71.15, 250.13, -164.03, -0.81, 20.27, 123.14, -0.35, 18.00, 124.26
10.655, 42.31, 199.05, -103.76, -3.38, 28.23, 120.32, -2.79, 26.23, 121.09
10.682, 73.47, 198.49, -77.73, -5.73, 35.21, 118.20, -5.16, 33.47, 118.76
10.710, 108.10, 142.80, -28.52, -7.27, 40.91, 117.42, -6.86, 39.47, 117.68
10.737, 113.43, 117.88, -75.92, -10.26, 45.42, 115.35, -9.60, 44.27, 115.80
10.764, 70.69, 76.66, -33.95, -12.93, 49.13, 114.42, -12.28, 48.18, 114.69
10.792, 102.45, 57.04, 43.86, -16.51, 51.72, 115.62, -15.69, 51.04, 115.44
10.819, 132.24, 73.02, 89.56, -15.33, 55.05, 118.07, -15.40, 54.27, 117.56
10.846, 93.52, -16.01, 101.44, -12.57, 55.87, 120.83, -13.12, 55.56, 120.20
10.873, -40.05, -250.14, -42.77, -12.11, 51.04, 119.67, -12.31, 51.92, 119.77
10.901, 71.82, -250.14, -5.73, -16.64, 45.12, 119.51, -15.80, 46.44, 119.56
10.928, 133.64, -250.14, 135.52, -16.80, 40.91, 123.20, -16.61, 41.99, 122.50
10.955, 165.21, -250.14, 224.85, -18.22, 36.12, 129.33, -17.91, 37.26, 128.00
10.982, 249.35, -250.14, 199.08, -18.30, 32.21, 134.74, -18.22, 33.19, 133.43
11.010, 247.56, -250.14, 231.73, -8.02, 26.80, 141.06, -10.00, 28.04, 139.58
11.037, 176.30, -250.14, 207.12, -0.68, 18.57, 146.70, -2.49, 20.41, 145.31
11.064, 112.91, -194.77, 226.22, 4.61, 13.50, 152.87, 3.23, 14.84, 151.41
11.091, 105.16, -154.45, 223.71, 10.07, 9.27, 158.96, 8.74, 10.35, 157.49
11.119, 154.95, -172.92, 250.13, 14.57, 6.04, 165.78, 13.43, 6.87, 164.17
11.146, 81.56, -163.79, 250.13, 17.77, 2.20, 172.62, 16.93, 3.10, 170.98
11.173, 90.36, -166.51, 250.13, 20.07, -2.12, 179.43, 19.46, -1.10, 177.79
11.200, 9.79, -162.66, 250.13, 21.40, -6.39, 186.25, 21.02, -5.36, 184.61
11.228, 6.95, -226.95, 250.13, 20.61, -13.34, 193.02, 20.69, -11.78, 191.38
11.255, -95.82, -250.14, 250.13, 16.61, -21.98, 199.85, 17.40, -20.00, 198.20
11.282, -213.11, -167.11, 171.34, 3.39, -29.98, 204.52, 6.12, -28.04, 203.29
11.309, -232.42, -194.57, 132.93, 1.82, -38.35, 208.14, 2.65, -36.35, 207.19
11.336, -244.52, -159.79, 84.05, -12.12, -44.55, 210.42, -9.24, -42.95, 209.79
11.364, -126.53, 0.86, 71.74, -22.33, -47.02, 212.38, -19.79, -46.23, 211.88
11.391, -225.61, -19.85, 54.44, -33.83, -49.74, 213.86, -31.09, -49.05, 213.48
11.418, -182.93, -61.40, 25.85, -46.21, -52.91, 214.57, -43.27, -52.16, 214.35
11.445, -89.12, 66.15, 55.42, -54.03, -52.50, 216.07, -51.93, -52.43, 215.73
11.473, 48.10, 250.13, 45.69, -58.48, -47.35, 217.31, -57.21, -48.34, 217.01
11.500, 103.02, 250.13, 10.01, -59.25, -43.14, 217.59, -58.85, -44.15, 217.47
11.527, -11.29, 250.13, 67.38, -64.85, -39.11, 219.42, -63.69, -40.09, 219.04
11.554, 70.92, 250.13, 162.79, -66.24, -34.43, 223.86, -65.75, -35.53, 222.93
11.581, 121.04, 250.13, 76.46, -65.64, -27.28, 225.94, -65.66, -28.89, 225.35
11.609, 226.67, 250.13, 11.85, -63.02, -18.29, 226.26, -63.53, -20.36, 226.08
11.636, 231.18, 250.13, 63.07, -54.49, -7.74, 227.98, -56.24, -10.19, 227.61
11.663, 136.24, 250.13, -50.71, -47.64, 2.56, 226.60, -49.31, 0.08, 226.80
11.690, 244.34, 250.13, 49.44, -37.96, 13.40, 227.95, -40.16, 10.81, 227.73
11.718, 250.13, 250.13, 180.27, -26.93, 22.54, 232.86, -29.50, 20.26, 231.86
11.745, 188.23, 240.57, 23.27, -18.08, 30.93, 233.50, -20.30, 28.85, 233.18
11.772, 79.15, 80.27, -105.89, -11.39, 35.06, 230.61, -13.12, 33.85, 231.11
11.799, 152.06, 116.73, 9.55, -3.00, 40.02, 230.87, -4.96, 38.83, 230.92
11.826, 149.85, 104.50, 75.52, 4.23, 44.06, 232.92, 2.44, 43.04, 232.53
11.854, 111.40, -10.76, 159.89, 10.12, 45.00, 237.27, 8.63, 44.62, 236.35
11.881, 95.05, -76.33, 69.03, 14.52, 44.58, 239.15, 13.37, 44.59, 238.60
11.908, 145.05, -151.11, 144.79, 20.99, 41.49, 243.09, 19.51, 42.09, 242.22
11.935, 87.57, -183.24, 145.37, 26.53, 38.40, 247.03, 25.16, 39.12, 246.09
11.962, 157.16, -160.60, 241.79, 32.12, 35.73, 253.62, 30.77, 36.39, 252.16
11.990, 182.27, -175.65, 147.90, 38.04, 31.71, 257.64, 36.63, 32.62, 256.57
12.017, 135.72, -175.81, 168.61, 43.23, 28.24, 262.24, 41.94, 29.09, 261.14
12.044, 167.31, -218.34, 123.51, 48.63, 22.40, 265.61, 47.33, 23.70, 264.74
12.071, 143.69, -180.48, 177.69, 55.07, 17.68, 270.45, 53.57, 18.85, 269.34
12.099, 191.90, -135.45, -11.20, 61.91, 13.72, 270.14, 60.29, 14.71, 269.99
12.126, 37.43, -76.08, 119.64, 64.34, 10.78, 273.40, 63.55, 11.54, 272.74
12.153, 111.89, -1.88, 109.04, 69.30, 9.48, 276.37, 68.18, 9.88, 275.66
12.180, 161.16, -28.44, 118.64, 74.65, 7.84, 279.59, 73.39, 8.24, 278.82
12.207, 166.76, -32.52, 12.63, 80.38, 6.21, 279.93, 79.02, 6.60, 279.72
12.235, 74.56, -64.67, -40.53, 83.83, 3.45, 278.83, 82.90, 4.06, 279.00
12.262, -2.17, 32.80, -51.15, 85.43, 3.32, 277.43, 84.94, 3.46, 277.74
12.289, 39.14, 25.89, -73.56, 87.60, 3.78, 275.43, 87.08, 3.72, 275.88
12.316, 28.90, 49.59, -16.76, 90.00, 4.81, 274.97, 89.44, 4.60, 275.15
12.344, -50.11, 43.39, -19.78, 89.94, 6.00, 274.44, 89.85, 5.73, 274.57
12.371, -180.86, 45.92, -4.26, 86.30, 7.11, 274.32, 86.99, 6.84, 274.37
12.398, -146.68, 98.08, -135.03, 83.33, 10.70, 270.64, 84.04, 9.95, 271.36
12.425, -208.84, 51.91, -28.25, 79.72, 12.23, 269.87, 80.56, 11.78, 270.16
12.453, -223.86, 88.77, -28.68, 75.58, 14.54, 269.09, 76.55, 14.01, 269.30
12.480, -229.47, 65.41, -82.76, 72.52, 16.97, 266.82, 73.30, 16.40, 267.30
12.507, -250.14, 173.39, -22.36, 67.33, 20.26, 266.22, 68.49, 19.51, 266.43
12.536, -230.07, 170.92, 57.08, 61.06, 25.33, 267.84, 62.45, 24.24, 267.58
12.563, -250.14, 250.13, 72.94, 55.87, 31.27, 269.82, 57.15, 29.90, 269.39
12.590, -250.14, 250.13, 104.31, 51.64, 38.34, 272.66, 52.71, 36.70, 272.03
12.617, -231.57, 250.13, 207.92, 45.85, 46.05, 278.35, 47.18, 44.24, 277.13
12.645, -148.63, 250.13, 166.87, 44.74, 52.49, 282.89, 45.21, 50.89, 281.77
12.672, -250.14, 103.91, 70.57, 40.18, 55.44, 284.82, 41.15, 54.56, 284.23
12.699, -250.14, -184.40, -130.44, 37.55, 52.50, 281.26, 38.25, 52.90, 281.84
12.727, -250.14, -46.99, 104.92, 26.80, 50.53, 284.13, 29.02, 50.99, 283.68
12.754, -194.73, -56.37, 137.66, 22.87, 49.39, 287.87, 24.07, 49.70, 287.05
12.781, -250.14, -74.99, 200.92, 15.76, 48.31, 293.34, 17.37, 48.58, 292.11
12.808, -175.14, -61.26, 162.56, 7.81, 44.91, 297.76, 9.67, 45.63, 296.66
12.835, -83.45, -54.01, 146.67, 4.73, 42.16, 301.76, 5.69, 42.84, 300.77
12.863, -96.97, -113.52, 197.74, 1.10, 38.13, 307.14, 1.99, 39.04, 305.90
12.890, -29.18, -166.88, 216.59, -0.40, 32.53, 313.05, 0.07, 33.79, 311.66
12.917, -126.05, -230.02, 148.69, -4.06, 25.55, 317.09, -3.25, 27.16, 316.04
12.944, 2.56, -250.14, 132.79, -6.95, 17.94, 320.72, -6.23, 19.73, 319.81
12.972, 250.13, -250.14, -8.16, -2.09, 10.00, 320.49, -2.90, 11.89, 320.36
12.999, 106.75, -250.14, 17.76, 1.48, 1.76, 320.98, 0.63, 3.72, 320.86
13.026, 148.04, -250.14, -119.62, 0.19, -7.54, 317.72, 0.27, -5.35, 318.33
13.053, 250.13, -220.13, -119.63, 5.64, -15.97, 314.47, 4.60, -13.91, 315.22
13.081, 250.13, -250.14, -46.39, 17.16, -21.44, 313.20, 14.72, -19.98, 313.59
13.108, 162.92, -250.14, -209.88, 27.11, -28.28, 307.47, 24.71, -26.67, 308.66
13.135, -70.33, -250.14, -250.14, 32.84, -36.79, 300.65, 31.26, -34.83, 302.21
13.163, 211.15, -79.04, -250.14, 26.56, -39.97, 293.84, 27.47, -38.97, 295.47
13.190, 198.35, -81.25, -250.14, 37.49, -40.61, 287.02, 35.55, -40.29, 288.66
13.217, 147.43, -90.18, -250.14, 45.70, -41.20, 280.21, 43.72, -41.03, 281.85
13.244, -14.23, -40.50, -250.14, 48.97, -39.70, 273.39, 47.95, -39.96, 275.03
13.272, 53.40, -73.13, -250.14, 56.03, -37.72, 266.59, 54.46, -38.16, 268.23
13.299, 117.07, 43.86, -250.14, 63.77, -33.71, 259.79, 61.96, -34.57, 261.43
13.326, 117.80, 73.17, -187.89, 70.67, -28.21, 254.68, 68.97, -29.45, 256.00
13.353, 0.38, 10.79, -127.06, 74.10, -24.78, 251.25, 73.09, -25.69, 252.18
13.380, -146.78, -1.70, -100.69, 73.01, -21.81, 248.52, 73.03, -22.56, 249.23
13.407, -198.96, -41.11, -5.98, 72.09, -20.15, 248.36, 72.27, -20.62, 248.53
13.434, -65.63, 60.96, 154.88, 74.82, -16.75, 252.55, 74.32, -17.50, 251.77
13.461, -211.99, 120.46, 146.95, 72.69, -11.49, 256.56, 73.00, -12.66, 255.62
13.489, -250.14, 113.31, 235.89, 70.06, -6.25, 262.99, 70.63, -7.50, 261.56
13.516, -250.14, 117.40, 234.51, 68.24, -1.22, 269.36, 68.71, -2.44, 267.84
13.543, -250.14, 196.22, 231.78, 65.90, 4.73, 275.68, 66.45, 3.34, 274.15
13.570, -250.14, 182.89, 134.02, 63.50, 11.14, 279.33, 64.07, 9.62, 278.32
13.598, -250.14, 237.43, 164.47, 61.09, 17.10, 283.81, 61.67, 15.64, 282.74
13.625, -250.14, 250.13, 173.71, 55.28, 26.09, 288.54, 56.53, 24.06, 287.41
13.652, -250.14, 250.13, 250.13, 48.78, 33.39, 295.36, 50.29, 31.58, 293.81
13.679, -250.14, 250.13, 250.13, 40.99, 41.45, 302.16, 42.80, 39.53, 300.54
13.707, -250.14, 119.89, 47.83, 30.39, 45.20, 303.47, 32.80, 44.10, 302.90
13.734, -168.89, 104.40, 92.60, 21.84, 46.70, 306.00, 23.96, 46.19, 305.40
13.761, -208.47, 159.21, 34.92, 15.01, 49.43, 306.95, 16.75, 48.80, 306.65
13.788, -109.18, 154.12, 126.80, 10.03, 52.28, 310.40, 11.33, 51.60, 309.67
13.816, -22.17, 138.81, 99.31, 8.15, 54.72, 313.10, 8.77, 54.11, 312.43
13.843, -37.02, 17.19, -31.57, 5.27, 53.98, 312.23, 5.94, 54.01, 312.27
13.870, 196.14, -2.83, 130.24, 8.09, 52.19, 315.78, 7.67, 52.54, 315.10
13.897, 250.13, -19.02, 101.78, 13.60, 50.71, 318.55, 12.44, 51.07, 317.88
13.925, 250.13, -124.47, 94.15, 17.80, 46.68, 321.12, 16.76, 47.54, 320.49
13.952, 250.13, -250.14, 11.43, 21.94, 40.09, 321.43, 20.93, 41.54, 321.25
13.979, 250.13, -250.14, -40.30, 25.70, 34.04, 320.33, 24.78, 35.50, 320.51
14.006, 250.13, -250.14, -81.37, 28.78, 29.34, 318.12, 28.00, 30.54, 318.58
14.033, 250.13, -250.14, -143.63, 37.88, 24.89, 314.21, 35.96, 25.99, 315.06
14.061, 250.13, -250.14, -250.14, 50.15, 20.69, 307.40, 47.39, 21.72, 308.89
14.088, 250.13, -250.14, -250.14, 62.38, 14.60, 300.58, 59.47, 15.98, 302.19
14.115, 250.13, -194.71, -211.13, 73.41, 8.97, 294.83, 70.70, 10.33, 296.26
14.142, 250.13, -38.89, -65.30, 83.17, 8.80, 293.05, 80.75, 9.10, 293.67
14.170, 184.01, -58.47, -7.62, 90.19, 8.64, 292.84, 88.36, 8.73, 293.00
14.197, 145.66, -102.26, -119.09, 97.28, 8.60, 289.59, 95.55, 8.63, 290.25
14.224, 184.16, -215.89, -189.19, 105.31, 5.32, 284.43, 103.41, 5.96, 285.56
14.252, 200.92, -162.87, -171.18, 112.07, 2.73, 279.77, 110.39, 3.36, 280.90
14.279, 86.90, -19.98, 68.05, 115.21, 2.94, 281.63, 114.27, 3.02, 281.49
14.306, 81.11, -54.62, 66.47, 119.56, 4.22, 283.44, 118.53, 3.99, 283.06
14.333, 100.00, -105.85, 50.68, 123.31, 2.41, 284.82, 122.38, 2.71, 284.48
14.360, -38.80, -5.27, 10.79, 123.15, 3.34, 285.11, 123.00, 3.22, 284.99
14.388, -127.35, -58.29, 37.81, 120.02, 3.14, 286.14, 120.60, 3.15, 285.92
14.415, -250.14, -72.85, 100.34, 114.96, 3.08, 288.87, 116.06, 3.09, 288.30
14.442, -189.02, 23.21, 239.27, 111.77, 4.22, 295.38, 112.60, 4.00, 294.01
14.469, -250.14, 9.02, 238.63, 106.52, 6.58, 301.90, 107.70, 6.08, 300.37
14.497, -250.14, -7.06, 222.44, 102.41, 8.59, 307.96, 103.44, 8.10, 306.49
14.524, -250.14, -26.28, 227.78, 97.70, 11.21, 314.19, 98.81, 10.61, 312.70
14.551, -250.14, -60.73, 240.54, 92.95, 12.64, 320.74, 94.09, 12.24, 319.18
14.579, -250.14, -80.44, 250.13, 88.10, 12.15, 327.56, 89.26, 12.17, 325.94
14.606, -250.14, -41.63, 250.13, 80.24, 13.72, 334.38, 81.99, 13.42, 332.74
14.633, -250.14, -20.88, 250.13, 70.74, 12.18, 341.19, 72.93, 12.42, 339.55
14.660, -250.14, -94.13, 250.13, 63.63, 10.37, 348.01, 65.44, 10.77, 346.36
14.688, -250.14, -250.14, 150.44, 57.08, 6.53, 352.11, 58.71, 7.35, 351.00
14.715, -250.14, -250.14, 89.08, 40.32, -0.39, 354.54, 43.90, 1.12, 353.85
14.742, -250.14, -250.14, 147.83, 26.77, -8.77, 358.56, 30.10, -6.85, 357.64
14.769, -250.14, -106.47, 151.10, 13.44, -13.24, 341.29, 16.67, -12.00, 344.46
14.797, -214.88, -180.11, -85.79, 0.84, -18.46, 318.36, 3.91, -17.20, 323.43
14.824, -97.90, -121.28, -65.65, -8.25, -22.70, 296.76, -5.89, -21.63, 301.94
14.851, -55.97, -35.95, -158.65, -16.50, -25.13, 273.41, -14.44, -24.45, 278.95
14.878, 92.97, 175.33, -168.83, -20.38, -22.09, 250.50, -19.23, -22.55, 256.03
14.905, 190.53, 250.13, -176.81, -21.53, -17.42, 228.14, -21.08, -18.42, 233.57
14.933, 250.13, 250.13, -189.80, -21.70, -12.94, 206.12, -21.58, -14.00, 211.45
14.960, 211.18, 250.13, -250.14, -18.92, -9.34, 183.12, -19.44, -10.24, 188.62
14.987, 110.37, 250.13, -250.14, -22.01, -6.43, 160.79, -21.51, -7.17, 166.19
15.015, 162.99, 250.13, -198.58, -24.66, -2.17, 140.54, -24.05, -3.14, 145.53
15.042, 250.13, 250.13, -38.98, -27.36, 4.73, 125.26, -26.71, 3.20, 129.20
15.069, 250.13, 250.13, 29.15, -27.02, 14.37, 112.47, -26.96, 12.20, 115.72
15.096, 250.13, 250.13, -62.96, -13.65, 23.36, 97.74, -16.23, 21.19, 101.23
15.124, 250.13, 49.74, -177.76, -0.25, 26.92, 80.49, -3.36, 25.80, 84.52
15.151, 250.13, 25.86, -157.40, 13.48, 28.93, 64.40, 10.19, 28.32, 68.33
15.178, 250.13, 114.44, -176.61, 25.47, 31.91, 48.23, 22.52, 31.22, 52.12
15.205, 250.13, 12.11, -103.81, 36.72, 34.29, 34.61, 33.96, 33.70, 38.01
15.233, 187.54, -72.92, -181.40, 46.04, 33.15, 19.41, 43.69, 33.25, 23.03
15.260, 113.23, -53.63, -90.88, 52.77, 32.33, 7.15, 51.01, 32.51, 10.23
15.287, 118.88, 250.13, 250.13, 59.70, 39.55, 4.68, 58.01, 38.18, 5.76
15.314, 77.27, 86.13, 250.13, 65.76, 42.46, 2.67, 64.26, 41.63, 3.27
15.342, 99.36, 30.17, -250.14, 71.74, 44.38, -12.53, 70.29, 43.85, -9.46
15.369, -250.14, -127.69, 139.40, 68.34, 40.36, -16.67, 68.72, 41.04, -15.27
15.396, -250.14, -163.05, 119.52, 67.04, 36.70, -20.94, 67.37, 37.54, -19.84
15.423, -250.14, -44.90, 237.60, 63.87, 35.15, -21.58, 64.55, 35.62, -21.24
15.451, -250.14, -97.77, 250.13, 62.25, 33.61, -21.49, 62.70, 34.00, -21.44
15.478, -250.14, 3.11, 250.13, 58.97, 33.77, -21.02, 59.69, 33.81, -21.10
15.505, -250.14, -35.50, 250.13, 55.69, 33.76, -20.19, 56.46, 33.77, -20.36
15.533, -250.14, -181.80, 250.13, 52.68, 31.22, -19.01, 53.42, 31.72, -19.27
15.560, -250.14, -250.14, 179.21, 52.99, 27.61, -19.42, 53.08, 28.41, -19.39
15.587, -250.14, -250.14, 163.81, 36.56, 23.08, -19.94, 39.77, 24.11, -19.83
15.614, -250.14, -250.14, 157.23, 22.15, 14.34, -20.31, 25.58, 16.25, -20.22
15.642, -250.14, -242.18, 203.57, 6.71, 4.39, -19.13, 10.37, 6.69, -19.34
15.669, -189.34, -250.14, 149.53, -2.67, -2.24, -19.13, -0.14, -0.50, -19.17
15.696, -250.14, -250.14, 24.33, -16.61, -11.21, -22.27, -13.42, -9.13, -21.67
15.723, -242.35, -250.14, -209.55, -29.34, -18.74, -31.50, -26.24, -16.87, -29.59
15.751, -5.02, -136.09, -43.47, -36.63, -24.30, -35.97, -34.62, -22.86, -34.73
15.778, 27.58, -89.19, -47.00, -41.99, -28.72, -40.29, -40.55, -27.58, -39.21
15.805, 45.74, -6.53, -140.11, -46.93, -31.11, -46.92, -45.69, -30.43, -45.42
15.832, 27.13, -2.46, -173.40, -53.79, -33.61, -54.22, -52.21, -32.99, -52.51
15.860, 58.05, 125.97, -149.38, -59.03, -32.38, -60.61, -57.70, -32.50, -59.03
15.887, 26.75, 230.79, -185.81, -66.38, -28.90, -67.82, -64.69, -29.60, -66.11
15.914, -45.60, 250.13, -168.13, -74.30, -25.62, -74.37, -72.43, -26.39, -72.77
15.941, 149.65, 250.13, -77.50, -75.96, -21.85, -78.26, -75.28, -22.74, -77.19
15.968, 166.50, 250.13, 51.88, -78.83, -17.09, -78.44, -78.14, -18.19, -78.20
15.996, 200.37, 250.13, 39.90, -79.71, -6.78, -78.80, -79.41, -8.99, -78.68
16.023, 250.13, 250.13, -162.95, -76.64, 3.00, -84.53, -77.17, 0.67, -83.39
16.050, 250.13, 250.13, -130.80, -77.05, 10.58, -89.21, -77.07, 8.66, -88.08
16.077, 250.13, 250.13, -121.17, -76.81, 19.69, -93.46, -76.86, 17.54, -92.41
16.104, 250.13, 250.13, -11.10, -60.43, 29.04, -94.61, -63.63, 26.81, -94.18
16.132, 250.13, 203.95, -154.43, -46.13, 35.59, -99.52, -49.53, 33.88, -98.48
16.159, 250.13, 1.15, -189.93, -32.22, 36.71, -105.30, -35.58, 36.16, -103.98
16.186, 223.58, -7.62, -111.66, -18.43, 37.40, -108.80, -21.76, 37.16, -107.86
16.213, 250.13, 11.98, -11.84, -6.15, 38.76, -109.48, -9.18, 38.45, -109.17
16.241, 117.63, -73.08, -19.88, 3.05, 37.58, -110.27, 0.67, 37.75, -110.06
16.268, 161.00, -79.70, -45.37, 15.23, 35.55, -111.67, 12.41, 35.98, -111.36
16.295, 249.57, 250.13, 250.13, 28.25, 40.16, -104.92, 25.17, 39.35, -106.17
16.323, 160.97, 130.05, 250.13, 37.76, 42.57, -98.06, 35.31, 41.95, -99.64
16.350, 161.79, 94.13, 245.64, 46.38, 42.98, -91.26, 44.23, 42.78, -92.89
16.377, -30.80, -250.14, -250.14, 50.23, 36.91, -97.87, 49.07, 38.05, -96.90
16.404, -250.14, -247.37, -250.14, 48.71, 28.06, -104.46, 48.78, 29.99, -102.99
16.432, -60.48, 89.84, 82.44, 51.65, 29.89, -101.88, 51.09, 29.91, -102.09
16.459, -187.24, 12.51, 229.69, 50.67, 30.94, -95.22, 50.75, 30.74, -96.55
16.486, -250.14, -108.89, 213.29, 49.33, 28.48, -88.94, 49.60, 28.91, -90.42
16.513, -250.14, -59.65, 237.16, 49.08, 27.52, -81.96, 49.18, 27.79, -83.61
16.541, -250.14, -58.40, 203.05, 50.18, 27.61, -75.86, 49.98, 27.65, -77.37
16.568, -250.14, 4.61, 250.13, 45.97, 28.67, -68.43, 46.75, 28.47, -70.16
16.595, -250.14, -45.23, 250.13, 42.14, 28.70, -60.94, 43.03, 28.66, -62.73
16.623, -250.14, -77.66, 250.13, 39.33, 27.73, -53.42, 40.05, 27.91, -55.23
16.650, -250.14, -250.14, 171.79, 40.30, 24.82, -48.00, 40.26, 25.42, -49.40
16.677, -250.14, -250.14, 39.37, 26.64, 19.53, -46.16, 29.28, 20.67, -46.79
16.704, -250.14, -250.14, 8.78, 11.89, 10.77, -45.12, 15.27, 12.69, -45.45
16.732, -250.14, -250.14, -6.68, -1.35, 4.17, -44.48, 1.87, 5.82, -44.67
16.759, -179.40, -250.14, -98.60, -11.44, -4.02, -46.32, -8.86, -2.11, -46.00
16.786, -120.24, -250.14, -196.81, -20.43, -12.38, -50.79, -18.18, -10.38, -49.86
16.813, -18.01, -250.14, -250.14, -28.80, -21.65, -56.71, -26.74, -19.46, -55.38
16.841, 80.34, -152.26, 184.63, -32.97, -27.63, -50.78, -31.76, -26.04, -51.67
16.868, 152.63, 84.64, -51.18, -32.48, -27.08, -51.25, -32.34, -26.88, -51.33
16.895, 217.11, 158.21, -58.53, -31.55, -25.38, -51.90, -31.71, -25.67, -51.79
16.922, 192.34, 217.29, -250.14, -34.38, -22.40, -57.76, -33.86, -23.04, -56.60
16.950, 172.19, 250.13, -250.14, -35.49, -18.37, -63.62, -35.17, -19.28, -62.26
16.977, 134.91, 250.13, -208.89, -32.70, -15.74, -68.39, -33.18, -16.43, -67.20
17.004, 115.08, 250.13, -185.05, -26.33, -13.85, -72.47, -27.66, -14.35, -71.45
17.031, 121.52, 250.13, -132.99, -30.02, -10.53, -75.09, -29.56, -11.28, -74.38
17.059, 71.41, 250.13, -170.76, -29.25, -5.58, -78.76, -29.31, -6.69, -77.91
17.086, 93.58, 250.13, -168.37, -28.82, -1.30, -82.37, -28.92, -2.35, -81.51
17.113, 233.55, 250.13, 10.37, -27.18, 5.23, -81.11, -27.52, 3.76, -81.19
17.140, 250.13, 250.13, 33.56, -17.33, 15.91, -79.22, -19.32, 13.55, -79.60
17.167, 250.13, 242.74, -68.45, -5.67, 25.60, -80.10, -8.33, 23.25, -80.00
17.195, 250.13, 46.66, -122.47, 6.68, 28.10, -82.45, 3.75, 27.15, -81.97
17.222, 250.13, 6.76, -115.89, 21.12, 30.22, -84.63, 17.73, 29.62, -84.11
17.249, 250.13, 57.24, -58.60, 32.95, 31.72, -85.26, 29.98, 31.31, -85.03
17.276, 250.13, -24.96, -250.14, 46.44, 31.48, -91.10, 43.23, 31.45, -89.92
17.303, 250.13, -113.05, -72.82, 56.92, 28.37, -92.15, 54.26, 28.97, -91.72
17.330, 51.51, -65.02, 250.13, 61.28, 27.40, -84.41, 59.92, 27.70, -85.83
17.358, 13.50, -112.03, 247.79, 65.66, 25.43, -76.75, 64.55, 25.87, -78.51
17.385, -44.40, -54.77, -196.44, 68.28, 24.60, -81.19, 67.56, 24.85, -80.67
17.412, -64.24, -250.14, 217.83, 68.93, 19.39, -74.36, 68.67, 20.45, -75.58
17.439, -64.54, -106.19, 136.08, 70.38, 16.37, -69.78, 70.05, 17.16, -70.91
17.467, -135.12, -203.64, -20.58, 69.46, 11.22, -69.47, 69.57, 12.37, -69.75
17.494, -250.14, -196.20, 112.09, 58.66, 6.92, -65.55, 60.78, 7.98, -66.37
17.521, -38.37, -28.28, -111.45, 61.06, 7.44, -67.75, 61.01, 7.55, -67.48
17.548, 47.76, -248.95, 250.13, 66.87, 1.52, -60.08, 65.74, 2.69, -61.52
17.576, -138.12, -150.60, 119.47, 63.46, -0.68, -56.00, 63.90, -0.03, -57.07
17.603, -93.95, -250.14, -172.99, 59.83, -4.88, -59.91, 60.62, -3.94, -59.35
17.630, -215.66, -250.14, -39.39, 56.12, -8.67, -60.19, 56.99, -7.75, -60.03
17.658, -87.08, -250.14, 250.13, 55.87, -11.53, -52.59, 56.08, -10.79, -54.03
17.685, -77.46, -250.14, 250.13, 49.98, -15.34, -45.05, 51.17, -14.45, -46.80
17.712, -176.99, -250.14, 250.13, 41.86, -19.37, -37.48, 43.66, -18.41, -39.29
17.739, -237.72, -250.14, 210.68, 29.76, -24.71, -31.00, 32.46, -23.49, -32.61
17.766, -215.08, -250.14, 138.72, 16.38, -30.69, -26.51, 19.51, -29.29, -27.70
17.794, -92.05, -250.14, 35.85, 6.76, -38.77, -24.84, 9.24, -36.93, -25.39
17.821, -17.20, -180.09, -13.17, -4.38, -44.95, -24.51, -1.73, -43.39, -24.68
17.848, 72.92, -23.06, -101.11, 5.73, -46.05, -26.60, 4.28, -45.53, -26.23
17.875, 50.74, 155.34, -82.05, 15.88, -42.68, -28.18, 13.62, -43.24, -27.80
17.903, 83.74, 250.13, -168.69, 26.50, -36.99, -32.14, 24.00, -38.20, -31.29
17.930, 41.11, 250.13, -99.54, 34.76, -31.80, -34.21, 32.66, -33.05, -33.64
17.957, 191.37, 250.13, -179.85, 29.88, -25.94, -38.50, 30.42, -27.32, -37.56
17.984, 245.56, 250.13, -45.31, 26.00, -17.24, -39.15, 26.86, -19.20, -38.84
18.011, 207.38, 250.13, -69.34, 21.48, -6.92, -40.46, 22.52, -9.30, -40.15
18.039, 250.13, 250.13, -38.91, 36.98, 3.57, -40.96, 34.17, 1.07, -40.80
18.066, 250.13, 236.06, 193.27, 49.56, 12.52, -35.13, 46.58, 10.30, -36.23
18.093, 250.13, 139.76, 113.47, 60.77, 18.49, -31.51, 58.01, 16.90, -32.43
18.120, 250.13, -57.24, 100.24, 70.00, 18.60, -28.26, 67.67, 18.27, -29.07
18.148, -38.32, -129.39, -142.63, 72.51, 16.85, -31.64, 71.57, 17.13, -31.14
18.175, -76.08, -250.14, 82.19, 74.07, 11.69, -28.92, 73.59, 12.75, -29.35
18.202, -250.14, -191.76, 250.13, 71.86, 7.66, -21.66, 72.20, 8.65, -23.16
18.229, -114.48, -225.45, 250.13, 71.03, 5.32, -14.40, 71.26, 5.97, -16.11
18.256, -250.14, -180.92, 250.13, 66.54, 3.90, -7.17, 67.46, 4.30, -8.92
18.284, -250.14, -132.95, 250.13, 66.07, 2.30, 0.07, 66.34, 2.69, -1.68
18.311, -177.12, -106.66, 250.13, 51.53, -0.30, 7.28, 54.42, 0.28, 5.54
18.338, -250.14, -96.51, 74.79, 38.97, -3.90, 9.72, 41.98, -3.09, 8.90
18.365, -250.14, -250.14, -250.14, 25.87, -12.88, 3.31, 29.01, -10.97, 4.40
18.392, -250.14, -177.17, 177.09, 8.05, -19.08, 8.51, 12.13, -17.51, 7.71
18.419, -200.32, 76.76, -85.17, -5.38, -17.38, 6.57, -1.97, -17.40, 6.79
18.447, -124.42, -30.04, -136.97, -0.58, -20.96, 3.20, -0.85, -20.27, 3.90
18.474, -93.82, 178.82, -158.86, 7.03, -18.43, -0.81, 5.51, -18.78, 0.10
18.501, -167.51, 250.13, -61.85, -6.65, -13.79, -2.16, -4.28, -14.77, -1.72
18.529, 69.10, 250.13, -83.93, -11.65, -5.85, -4.19, -10.25, -7.54, -3.72
18.556, 50.66, 250.13, -250.14, -14.56, 5.01, -10.72, -13.72, 2.58, -9.36
18.584, 44.34, 246.68, -9.02, -14.28, 15.94, -10.66, -14.18, 13.35, -10.41
18.611, 232.49, 238.37, 115.42, -10.10, 25.94, -7.24, -10.90, 23.49, -7.85
18.638, 250.13, 9.76, -22.69, -3.37, 29.13, -7.58, -4.83, 28.04, -7.63
18.666, 250.13, -41.46, 19.44, 8.52, 31.38, -6.78, 5.92, 30.73, -6.95
18.693, 250.13, 106.09, 196.80, 20.20, 32.04, -1.16, 17.43, 31.79, -2.29
18.720, 250.13, -125.63, 121.90, 19.97, 30.53, 2.41, 19.48, 30.77, 1.50
18.747, 250.13, -250.14, 250.13, 35.03, 25.43, 9.47, 32.01, 26.46, 7.92
18.775, 250.13, 246.41, -250.14, 46.39, 31.21, 2.89, 43.59, 30.29, 3.87
18.802, 141.11, -38.52, -250.14, 54.69, 30.39, -3.73, 52.54, 30.37, -2.26
18.829, 63.66, -16.19, -250.14, 62.11, 30.83, -10.34, 60.25, 30.74, -8.77
18.856, 160.36, 55.78, -91.55, 69.31, 33.26, -12.62, 67.54, 32.77, -11.87
18.884, 28.92, 36.21, 136.79, 73.86, 35.37, -8.70, 72.63, 34.86, -9.31
18.911, -67.07, -11.82, 185.51, 75.35, 35.84, -3.46, 74.82, 35.65, -4.60
18.938, -250.14, -133.84, 250.13, 73.02, 33.94, 3.52, 73.37, 34.27, 1.94
18.965, -250.14, -193.69, 245.87, 72.28, 30.59, 10.41, 72.49, 31.31, 8.77
18.993, -250.14, -40.61, 250.13, 68.62, 29.78, 17.39, 69.37, 30.07, 15.72
19.020, -250.14, 250.13, 250.13, 65.18, 37.64, 24.37, 65.99, 36.17, 22.69
19.047, -250.14, 250.13, 250.13, 60.78, 44.99, 31.33, 61.79, 43.28, 29.65
19.074, -250.14, 72.63, 159.61, 60.41, 47.27, 35.81, 60.68, 46.49, 34.61
19.102, -250.14, -250.14, -250.14, 43.30, 40.52, 29.13, 46.68, 41.68, 30.20
19.129, -250.14, -241.37, -250.14, 26.68, 30.69, 22.45, 30.57, 32.82, 23.96
19.156, 250.13, 190.95, 250.13, 26.84, 31.24, 29.41, 27.56, 31.55, 28.36
19.183, 250.13, 250.13, 250.13, 27.54, 35.45, 36.34, 27.54, 34.69, 34.79
19.211, 250.13, 137.78, 223.50, 29.39, 36.34, 42.55, 29.03, 36.02, 41.04
19.238, 250.13, 62.10, -45.66, 31.10, 34.85, 41.41, 30.70, 35.08, 41.34
19.265, 250.13, 32.12, -250.14, 29.79, 35.05, 34.70, 29.97, 35.06, 35.99
19.292, 250.13, -32.26, -250.14, 25.74, 34.43, 27.98, 26.56, 34.55, 29.54
19.320, 250.13, -35.66, -250.14, 39.58, 33.06, 21.26, 37.05, 33.35, 22.87
19.347, 250.13, -14.26, -230.14, 50.52, 32.38, 15.09, 47.89, 32.57, 16.60
19.374, 250.13, -133.05, -248.18, 60.39, 28.67, 8.40, 57.96, 29.43, 9.99
19.401, -0.35, -148.18, -250.14, 63.83, 24.61, 1.67, 62.69, 25.55, 3.29
19.428, -15.34, -38.03, -206.13, 67.81, 23.60, -3.87, 66.81, 23.98, -2.48
19.456, 86.79, 81.80, -92.51, 74.10, 26.02, -6.34, 72.68, 25.63, -5.59
19.483, 115.43, 145.68, 73.25, 80.41, 30.18, -4.27, 78.91, 29.29, -4.53
19.510, 116.73, 101.65, 127.50, 85.51, 33.40, -0.74, 84.23, 32.60, -1.48
19.537, -88.16, -9.15, 70.76, 84.84, 33.01, 1.23, 84.72, 32.93, 0.70
19.565, -100.76, -54.57, 77.50, 84.91, 31.65, 3.40, 84.88, 31.90, 2.87
19.592, -193.12, 80.89, 207.07, 82.20, 32.74, 9.09, 82.72, 32.57, 7.89
19.619, -250.14, 159.66, 250.13, 77.78, 36.70, 15.94, 78.74, 35.90, 14.38
19.647, -250.14, 35.11, 250.13, 74.06, 37.70, 22.81, 74.97, 37.35, 21.18
19.674, -250.14, -69.25, 250.13, 73.68, 36.20, 29.66, 73.93, 36.43, 28.01
19.701, -250.14, -142.27, 234.86, 72.01, 30.41, 36.11, 72.38, 31.58, 34.54
19.728, -250.14, 72.92, 250.13, 68.90, 27.90, 42.96, 69.58, 28.62, 41.33
19.756, -250.14, 250.13, 250.13, 67.90, 30.04, 49.80, 68.23, 29.77, 48.16
19.783, -250.14, 250.13, 250.13, 49.14, 35.52, 56.62, 52.87, 34.40, 54.97
19.810, -106.68, 250.13, 189.71, 39.63, 42.14, 61.82, 42.20, 40.64, 60.49
19.837, -231.60, 126.86, -57.46, 32.51, 45.67, 60.27, 34.39, 44.69, 60.32
19.864, -54.09, 80.47, 102.58, 24.89, 46.00, 63.09, 26.73, 45.74, 62.55
19.892, 250.13, 173.66, 250.13, 25.81, 49.29, 69.92, 25.99, 48.60, 68.49
19.919, 250.13, -31.89, 250.13, 31.20, 49.05, 76.75, 30.19, 48.97, 75.14
19.946, 250.13, -250.14, -21.89, 38.64, 43.67, 76.17, 36.99, 44.70, 75.97
19.973, 250.13, -250.14, 63.07, 39.19, 39.72, 77.89, 38.76, 40.69, 77.52
20.001, 250.13, -250.14, -250.14, 50.09, 33.49, 71.09, 47.89, 34.89, 72.34
20.028, 107.84, -250.14, -250.14, 60.46, 26.40, 64.31, 58.01, 28.06, 65.88
20.055, 250.13, -250.14, -250.14, 73.36, 18.39, 57.53, 70.37, 20.27, 59.16
20.082, 250.13, -12.65, -109.96, 81.71, 15.54, 54.54, 79.51, 16.46, 55.43
20.109, -44.38, 80.09, -13.85, 82.77, 17.02, 54.17, 82.14, 16.91, 54.41
20.137, 115.49, -57.92, -250.14, 71.15, 15.76, 47.35, 73.29, 15.98, 48.72
20.164, 250.13, -50.77, -250.14, 81.08, 14.43, 40.52, 79.57, 14.73, 42.11
20.191, 148.01, 67.91, -250.14, 86.32, 16.63, 33.71, 85.00, 16.26, 35.34
20.218, -114.92, -88.35, -86.24, 84.99, 15.00, 31.36, 84.99, 15.25, 32.13
20.246, 27.15, -20.22, -78.98, 88.36, 15.06, 29.21, 87.70, 15.09, 29.78
20.273, -139.73, 7.86, 123.71, 87.17, 16.54, 32.58, 87.27, 16.26, 32.04
20.300, -230.48, -48.43, 250.13, 82.81, 16.58, 39.41, 83.67, 16.52, 37.98
20.327, -250.14, -61.83, 250.13, 78.42, 15.74, 46.22, 79.44, 15.89, 44.62
20.355, -250.14, 45.90, 250.13, 70.94, 17.33, 53.04, 72.59, 17.05, 51.40
20.382, -250.14, 74.59, 250.13, 66.72, 21.29, 59.84, 67.86, 20.46, 58.20
20.409, -250.14, 97.19, 211.11, 54.64, 24.48, 65.58, 57.21, 23.70, 64.15
20.436, -250.14, -250.14, -71.89, 41.73, 19.17, 63.62, 44.74, 20.05, 63.72
20.464, -250.14, -250.14, -217.34, 26.18, 11.10, 57.66, 29.77, 12.83, 58.84
20.491, 250.13, -68.34, -57.91, 24.23, 7.51, 56.07, 25.30, 8.54, 56.61
20.518, 250.13, -72.40, 1.58, 30.30, 4.55, 56.11, 29.33, 5.33, 56.21
20.546, 250.13, -250.14, -140.79, 31.33, -1.58, 52.25, 30.94, -0.24, 53.02
20.573, 250.13, -250.14, -237.79, 38.54, -5.85, 45.76, 37.06, -4.76, 47.17
20.600, 250.13, -236.05, 22.24, 52.06, -15.69, 46.36, 49.15, -13.56, 46.52
20.627, 250.13, 45.80, 128.01, 64.07, -17.33, 49.85, 61.17, -16.60, 49.20
20.655, 154.38, 230.89, -239.73, 71.71, -14.73, 43.30, 69.66, -15.10, 44.45
20.682, 94.31, 250.13, -250.14, 77.98, -11.52, 36.47, 76.36, -12.22, 38.02
20.709, 81.44, 201.02, -250.14, 82.38, -10.22, 29.64, 81.21, -10.61, 31.27
20.736, 99.56, 215.24, -250.14, 70.12, -5.52, 22.83, 72.28, -6.51, 24.47
20.764, -157.24, 250.13, -250.14, 52.31, 2.38, 15.99, 56.18, 0.65, 17.63
20.791, -132.93, 250.13, -250.14, 39.32, 11.65, 9.16, 42.60, 9.51, 10.80
20.818, 162.93, 250.13, -250.14, 30.05, 21.45, 2.33, 32.48, 19.13, 3.98
20.845, 46.44, 211.64, -137.70, 36.45, 29.08, -1.43, 35.68, 27.15, -0.38
20.873, -31.51, -31.58, 188.36, 38.88, 29.66, 3.69, 38.26, 29.17, 2.90
20.900, -79.50, -250.14, 250.13, 41.89, 25.24, 10.51, 41.18, 26.00, 9.03
20.927, -91.53, -250.14, 250.13, 45.37, 21.14, 17.31, 44.55, 22.08, 15.70
20.954, -153.66, -250.14, 250.13, 45.13, 17.65, 24.09, 45.01, 18.51, 22.46
20.982, -250.14, -250.14, 250.13, 42.32, 14.45, 30.89, 42.85, 15.24, 29.25
21.009, -250.14, -250.14, 250.13, 24.18, 11.60, 37.70, 27.81, 12.30, 36.06
21.036, -250.14, -250.14, -250.14, 7.78, 5.03, 30.86, 11.67, 6.44, 31.87
21.063, 75.72, -250.14, -41.05, 18.56, -4.07, 29.73, 17.22, -2.03, 30.15
21.091, 131.21, 52.29, -250.14, 22.39, -4.63, 22.90, 21.38, -4.12, 24.31
21.118, 248.24, -250.14, 35.24, 35.05, -14.06, 23.85, 32.40, -12.13, 23.94
21.145, 183.29, 44.65, -250.14, 46.02, -15.65, 17.03, 43.37, -14.96, 18.37
21.172, 250.13, -85.40, -11.25, 59.88, -19.68, 16.71, 56.68, -18.76, 17.03
21.200, 250.13, 36.18, -230.38, 68.30, -20.97, 10.39, 66.05, -20.54, 11.67
21.227, 250.13, 114.00, -17.92, 76.83, -19.68, 9.89, 74.74, -19.85, 10.23
21.254, 54.44, 250.13, -250.01, 82.37, -13.28, 3.07, 80.89, -14.56, 4.46
21.282, 27.40, 250.13, -250.14, 87.24, -6.70, -3.75, 86.01, -8.23, -2.15
21.309, 54.95, 250.13, -250.14, 92.95, 0.14, -10.58, 91.61, -1.49, -8.95
21.336, 106.44, 250.13, -250.14, 99.39, 6.76, -17.42, 97.88, 5.16, -15.77
21.363, -19.31, 250.13, -250.14, 103.17, 13.46, -24.25, 102.14, 11.85, -22.60
21.391, 120.53, 250.13, -250.14, 110.65, 19.91, -31.07, 108.99, 18.34, -29.43
21.418, 131.66, 250.13, -182.49, 116.67, 26.19, -36.06, 115.18, 24.67, -34.78
21.445, 70.82, 250.13, -250.14, 120.30, 32.16, -42.86, 119.30, 30.70, -41.29
21.473, 24.31, 250.13, -250.14, 123.18, 38.23, -49.83, 122.44, 36.79, -48.20
21.500, 11.15, 250.13, -250.14, 126.34, 44.05, -56.71, 125.59, 42.65, -55.06
21.528, -250.14, -250.14, -250.14, 121.09, 36.93, -63.55, 121.96, 38.04, -61.91
21.555, -205.47, 179.60, -30.36, 119.26, 36.86, -64.39, 119.78, 37.09, -63.91
21.582, -8.25, 250.13, 250.13, 120.52, 42.85, -57.58, 120.38, 41.73, -58.81
21.609, -26.89, 147.64, 115.23, 120.20, 47.64, -54.45, 120.24, 46.50, -55.30
21.637, -69.31, -15.77, -230.50, 119.72, 47.71, -60.75, 119.82, 47.47, -59.69
21.664, 61.79, 69.99, -98.79, 123.53, 48.21, -63.44, 122.81, 48.07, -62.71
21.691, 192.96, 137.95, 7.01, 130.61, 50.94, -63.26, 129.10, 50.38, -63.15
21.718, 214.62, 67.42, -70.46, 137.80, 51.84, -65.19, 136.11, 51.56, -64.80
21.746, -77.07, -119.18, -14.85, 134.22, 46.43, -65.61, 134.59, 47.43, -65.45
21.773, 13.72, 9.46, -8.63, 133.39, 43.64, -65.85, 133.63, 44.38, -65.77
21.800, 31.60, -33.75, -4.78, 135.35, 41.86, -65.99, 135.01, 42.35, -65.95
21.827, 250.13, -74.63, 250.13, 142.47, 36.44, -59.19, 141.02, 37.59, -60.50
21.855, 97.63, -86.85, 37.32, 145.07, 34.28, -58.18, 144.28, 34.92, -58.63
21.882, 1.40, 38.28, -96.45, 144.27, 32.50, -60.81, 144.27, 32.97, -60.39
21.909, -67.10, -18.50, -117.78, 141.51, 31.27, -64.03, 142.05, 31.60, -63.32
21.936, -46.93, -23.78, -70.79, 139.91, 29.88, -65.97, 140.33, 30.21, -65.45
21.964, -14.42, 3.57, -29.27, 139.36, 29.50, -66.77, 139.55, 29.64, -66.51
21.991, 26.53, 10.18, 60.85, 139.82, 29.36, -65.12, 139.77, 29.41, -65.39
22.018, 25.22, 5.68, 49.50, 140.24, 28.67, -63.78, 140.15, 28.81, -64.10
22.045, -6.34, -2.78, -17.15, 139.80, 27.70, -64.26, 139.87, 27.92, -64.22
22.072, -17.39, -11.91, -34.25, 139.02, 26.71, -65.20, 139.19, 26.94, -65.01
22.100, -7.85, -5.08, -20.40, 138.51, 26.10, -65.76, 138.64, 26.26, -65.61
22.127, 5.95, -3.81, 19.28, 138.41, 25.71, -65.24, 138.46, 25.82, -65.31
22.154, 8.55, -2.85, 23.24, 138.31, 25.17, -64.61, 138.34, 25.30, -64.75
22.181, 5.82, -7.21, 6.21, 138.24, 24.59, -64.45, 138.26, 24.73, -64.51
