1751183393.39, 0.00, 0.00, 0.00, 0.00, 0.00, 0.00, 0.00, 0.00, 0.00
1751183393.41, -1.24, 0.33, 0.67, 1.30, -3.46, 0.02, 0.79, -2.10, 0.01
1751183393.44, -1.23, 1.29, 6.08, 1.84, -5.57, 0.19, 1.42, -4.20, 0.12
1751183393.47, -1.34, -4.08, 3.27, 1.89, -6.06, 0.22, 1.71, -5.33, 0.18
1751183393.50, -1.50, -6.42, 3.52, 1.88, -6.13, 0.25, 1.82, -5.82, 0.22
1751183393.52, -0.83, -5.85, 10.53, 2.12, -6.85, 0.46, 2.00, -6.44, 0.36
1751183393.55, 0.68, -6.53, 29.52, 2.75, -8.12, 1.13, 2.46, -7.46, 0.83
1751183393.58, -0.27, -12.85, 25.10, 3.01, -8.54, 1.47, 2.79, -8.11, 1.21
1751183393.60, 0.22, 1.67, 9.63, 2.93, -7.73, 1.26, 2.88, -7.88, 1.24
1751183393.63, -0.19, -6.83, 8.69, 2.94, -7.59, 1.06, 2.92, -7.70, 1.13
1751183393.66, -1.51, -11.38, 13.82, 3.12, -8.05, 1.03, 3.04, -7.91, 1.07
1751183393.69, 0.24, -17.02, 12.95, 2.86, -8.56, 0.96, 2.93, -8.30, 1.00
1751183393.72, -0.70, 8.04, 0.80, 2.78, -8.11, 0.55, 2.84, -8.19, 0.73
1751183393.75, -0.56, -0.18, 0.05, 2.90, -7.97, 0.19, 2.88, -8.05, 0.40
1751183393.78, -0.92, 1.55, 0.00, 2.82, -8.29, -0.05, 2.84, -8.20, 0.13
1751183393.81, -0.79, 1.26, 0.08, 2.77, -8.10, -0.25, 2.80, -8.14, -0.10
1751183393.83, -0.61, 2.43, -0.11, 2.72, -8.09, -0.42, 2.75, -8.11, -0.29
1751183393.86, -0.73, 5.72, -0.97, 2.70, -7.90, -0.57, 2.72, -7.98, -0.46
1751183393.90, -0.72, 5.10, -2.66, 2.59, -7.77, -0.83, 2.64, -7.86, -0.68
1751183393.93, -0.78, 5.21, -3.45, 2.58, -7.59, -0.95, 2.61, -7.69, -0.85
1751183393.96, -0.60, 3.14, -1.85, 2.63, -7.67, -1.03, 2.62, -7.68, -0.96
1751183393.99, -0.54, 4.63, -1.44, 2.63, -7.54, -1.05, 2.63, -7.60, -1.02
1751183394.02, -0.54, 2.24, 0.29, 2.63, -7.41, -1.02, 2.63, -7.48, -1.02
1751183394.05, -0.61, 2.18, 0.14, 2.56, -7.34, -1.01, 2.59, -7.39, -1.01
1751183394.08, -0.69, -0.29, 0.08, 2.46, -7.28, -1.00, 2.51, -7.32, -1.00
1751183394.10, -0.82, -0.66, 0.09, 2.43, -7.27, -0.97, 2.46, -7.29, -0.98
1751183394.13, -0.92, 0.92, 0.19, 2.43, -7.21, -0.95, 2.44, -7.24, -0.96
1751183394.17, -0.95, 0.21, 0.34, 2.43, -7.12, -0.92, 2.43, -7.17, -0.94
1751183394.20, -0.97, -0.20, 0.38, 2.40, -7.12, -0.91, 2.41, -7.14, -0.92
1751183394.22, -1.11, 0.85, 0.27, 2.38, -7.08, -0.89, 2.39, -7.10, -0.90
1751183394.25, -0.94, 0.73, 0.16, 2.38, -7.04, -0.86, 2.38, -7.06, -0.88
1751183394.28, -1.02, -0.34, 0.16, 2.36, -7.05, -0.84, 2.37, -7.06, -0.86
1751183394.31, -0.73, -0.76, 0.46, 2.38, -7.02, -0.81, 2.37, -7.04, -0.83
1751183394.34, -0.83, -0.95, 0.19, 2.38, -7.04, -0.80, 2.38, -7.04, -0.81
1751183394.37, -0.98, -0.05, 0.29, 2.37, -7.03, -0.78, 2.38, -7.04, -0.79
1751183394.40, -0.76, 1.63, 0.47, 2.36, -6.95, -0.76, 2.37, -6.98, -0.77
1751183394.43, -0.84, -0.59, 1.37, 2.31, -6.94, -0.71, 2.33, -6.96, -0.74
1751183394.45, -0.82, -4.57, 0.53, 2.45, -6.64, -0.69, 2.41, -6.77, -0.71
1751183394.48, -3.79, 7.66, 1.92, 2.60, -6.29, -0.63, 2.52, -6.48, -0.66
1751183394.51, -1.19, 2.04, 0.08, 2.57, -6.32, -0.62, 2.55, -6.38, -0.64
1751183394.54, -0.98, -0.68, 0.24, 2.59, -6.38, -0.61, 2.57, -6.38, -0.62
1751183394.57, -1.47, -2.44, 0.63, 2.59, -6.28, -0.59, 2.59, -6.32, -0.61
1751183394.59, -0.73, -3.59, 0.36, 2.57, -6.23, -0.59, 2.58, -6.27, -0.60
1751183394.62, -2.76, 4.70, 0.08, 2.48, -6.07, -0.59, 2.52, -6.15, -0.59
1751183394.65, -4.31, 8.50, 0.15, 2.49, -5.90, -0.58, 2.50, -5.99, -0.59
1751183394.68, 16.92, -36.44, 2.20, 2.61, -6.19, -0.52, 2.57, -6.11, -0.55
1751183394.71, 2.37, -9.05, 0.50, 2.44, -6.11, -0.51, 2.49, -6.11, -0.52
1751183394.74, -1.24, 0.26, -0.18, 2.39, -6.28, -0.52, 2.43, -6.21, -0.52
1751183394.76, -3.20, -6.40, -10.94, 2.06, -6.37, -0.84, 2.21, -6.31, -0.72
1751183394.79, -2.05, -5.11, -5.05, 2.15, -6.50, -0.95, 2.17, -6.43, -0.86
1751183394.82, 5.54, -17.03, -8.95, 2.41, -5.79, -1.16, 2.32, -6.04, -1.04
1751183394.84, -2.50, -26.98, -18.18, 2.31, -6.35, -1.60, 2.31, -6.23, -1.38
1751183394.87, -3.90, -34.50, -13.17, 2.55, -7.51, -1.86, 2.46, -7.00, -1.67
1751183394.90, -3.32, -49.71, 2.34, 2.43, -8.87, -1.68, 2.44, -8.13, -1.68
1751183394.93, -3.56, -57.36, 8.53, 2.52, -10.17, -1.35, 2.49, -9.37, -1.48
1751183394.95, 0.97, -101.57, 11.70, 2.32, -12.83, -0.96, 2.39, -11.47, -1.16
1751183394.98, -3.66, -84.13, 7.34, 2.25, -15.27, -0.70, 2.31, -13.77, -0.89
1751183395.01, -1.61, -90.75, 0.22, 2.31, -17.65, -0.67, 2.31, -16.12, -0.75
1751183395.03, 1.26, -57.69, 7.71, 2.46, -19.24, -0.43, 2.40, -18.01, -0.56
1751183395.06, 2.12, -29.11, 10.07, 2.61, -19.95, -0.14, 2.53, -19.19, -0.31
1751183395.09, 2.18, -30.62, 7.66, 2.61, -20.63, 0.06, 2.57, -20.06, -0.09
1751183395.12, 0.08, -46.44, 9.73, 2.62, -21.51, 0.30, 2.60, -20.94, 0.15
1751183395.14, 2.52, -47.66, 10.15, 2.38, -22.94, 0.53, 2.46, -22.15, 0.38
1751183395.17, 6.02, -47.73, 18.77, 2.49, -24.13, 0.99, 2.48, -23.35, 0.75
1751183395.20, 4.23, -51.27, 12.50, 2.55, -25.38, 1.24, 2.52, -24.58, 1.04
1751183395.22, 3.11, -71.16, 12.70, 2.64, -27.07, 1.47, 2.59, -26.09, 1.30
1751183395.25, 2.91, -77.76, 14.18, 2.72, -29.22, 1.73, 2.67, -27.99, 1.56
1751183395.28, 5.32, -72.50, 14.62, 2.79, -31.15, 1.98, 2.74, -29.90, 1.82
1751183395.31, 0.99, -96.52, 11.63, 2.64, -33.52, 2.15, 2.68, -32.09, 2.02
1751183395.33, 4.14, -113.93, 14.34, 2.59, -36.48, 2.36, 2.62, -34.75, 2.22
1751183395.36, 7.18, -104.49, 17.12, 2.83, -39.18, 2.63, 2.75, -37.43, 2.47
1751183395.39, 3.47, -112.24, 10.92, 2.87, -41.78, 2.71, 2.82, -40.07, 2.62
1751183395.41, 3.84, -82.90, 9.38, 3.00, -44.38, 2.75, 2.93, -42.68, 2.70
1751183395.44, 2.92, -37.05, 6.02, 3.07, -45.57, 2.68, 3.02, -44.43, 2.69
1751183395.47, -0.89, -0.29, 0.28, 2.99, -45.90, 2.47, 3.00, -45.32, 2.55
1751183395.50, -0.21, -16.76, 0.62, 2.89, -46.00, 2.27, 2.93, -45.73, 2.38
1751183395.52, -1.35, -10.66, 1.05, 2.78, -46.35, 2.09, 2.84, -46.11, 2.21
1751183395.55, -1.07, -20.24, 1.34, 2.66, -46.75, 1.93, 2.73, -46.50, 2.04
1751183395.58, -1.21, -16.98, 1.38, 2.55, -47.23, 1.78, 2.62, -46.94, 1.89
1751183395.60, -1.01, -10.50, 1.34, 2.45, -47.57, 1.64, 2.52, -47.32, 1.74
1751183395.63, -1.15, -7.45, 0.50, 2.35, -47.68, 1.48, 2.42, -47.54, 1.58
1751183395.66, -0.84, -14.59, 0.79, 2.26, -48.07, 1.34, 2.32, -47.86, 1.43
1751183395.69, -0.80, -19.75, 1.36, 2.19, -48.53, 1.22, 2.24, -48.27, 1.30
1751183395.71, -1.25, -7.89, 1.20, 2.10, -48.82, 1.10, 2.16, -48.60, 1.18
1751183395.74, -1.27, -13.27, 1.31, 1.95, -49.16, 0.99, 2.03, -48.94, 1.06
1751183395.77, -0.89, -13.15, 0.89, 1.79, -49.54, 0.87, 1.89, -49.31, 0.95
1751183395.80, -1.15, -9.58, 1.01, 1.70, -49.80, 0.76, 1.77, -49.61, 0.84
1751183395.83, -0.88, -14.51, 1.09, 1.65, -50.21, 0.66, 1.70, -49.97, 0.73
1751183395.85, -1.16, -4.63, 0.40, 1.58, -50.39, 0.55, 1.63, -50.22, 0.62
1751183395.88, -0.82, -7.41, 0.89, 1.55, -50.60, 0.46, 1.58, -50.45, 0.52
1751183395.91, -0.95, -0.15, 0.30, 1.49, -50.64, 0.36, 1.52, -50.56, 0.42
1751183395.93, -0.96, 0.80, 0.32, 1.50, -50.56, 0.26, 1.51, -50.56, 0.32
1751183395.97, -0.84, 2.85, 0.36, 1.54, -50.59, 0.17, 1.53, -50.58, 0.23
1751183395.99, -0.75, -7.20, 0.44, 1.52, -50.64, 0.07, 1.52, -50.62, 0.13
1751183396.02, -1.15, -4.88, 0.59, 1.45, -50.85, -0.00, 1.48, -50.76, 0.05
1751183396.05, -1.14, -15.94, 0.95, 1.39, -51.09, -0.06, 1.42, -50.96, -0.02
1751183396.08, -1.20, -16.31, 1.13, 1.32, -51.56, -0.11, 1.36, -51.32, -0.07
1751183396.10, -2.87, -38.01, 0.49, 1.26, -52.47, -0.17, 1.30, -52.02, -0.13
1751183396.13, -18.03, -25.40, -8.71, 0.87, -53.40, -0.48, 1.04, -52.85, -0.35
1751183396.16, -8.39, -16.57, -3.73, 0.72, -53.69, -0.65, 0.85, -53.36, -0.53
1751183396.19, -13.41, -28.04, -7.13, 0.40, -54.49, -0.88, 0.57, -54.04, -0.74
1751183396.21, -5.52, -12.63, -2.01, 0.36, -54.86, -0.96, 0.45, -54.54, -0.88
1751183396.24, -1.59, -1.54, -0.23, 0.35, -55.03, -0.99, 0.39, -54.84, -0.95
1751183396.27, -0.18, 9.16, 0.08, 0.38, -54.90, -1.01, 0.38, -54.87, -0.98
1751183396.29, -0.49, 15.04, 0.37, 0.33, -54.56, -1.02, 0.35, -54.68, -1.00
1751183396.32, -0.19, -5.95, 0.14, 0.33, -54.46, -1.03, 0.34, -54.55, -1.02
1751183396.35, -1.03, 2.18, 0.19, 0.44, -54.48, -1.03, 0.40, -54.51, -1.03
1751183396.38, -0.55, 6.62, -0.10, 0.43, -54.36, -1.05, 0.42, -54.42, -1.04
1751183396.40, -0.08, 27.10, -1.09, 0.43, -53.98, -1.08, 0.43, -54.15, -1.07
1751183396.43, 1.06, 48.50, 0.40, 0.56, -52.79, -1.08, 0.51, -53.33, -1.07
1751183396.46, 0.45, 18.98, -0.53, 0.58, -52.22, -1.10, 0.55, -52.66, -1.09
1751183396.48, 0.23, 46.50, -0.24, 0.64, -51.30, -1.10, 0.61, -51.84, -1.10
1751183396.51, 1.55, 72.28, 0.36, 0.75, -49.57, -1.09, 0.70, -50.46, -1.10
1751183396.54, -13.07, 105.50, -11.21, 1.05, -46.67, -1.40, 0.91, -48.16, -1.28
1751183396.57, -32.92, 223.49, -51.79, 0.59, -40.84, -2.78, 0.72, -43.72, -2.19
1751183396.59, 7.97, 220.83, -14.09, -0.34, -35.33, -3.05, 0.07, -38.64, -2.71
1751183396.62, -6.92, 137.31, -15.48, -0.49, -31.06, -3.35, -0.27, -34.05, -3.10
1751183396.65, -3.09, 71.70, -9.53, -0.35, -29.08, -3.46, -0.32, -31.04, -3.32
1751183396.68, -13.36, 104.42, -30.95, -0.44, -25.90, -4.23, -0.39, -27.92, -3.87
1751183396.71, -13.23, 162.15, -38.97, -0.55, -21.41, -5.13, -0.48, -23.98, -4.63
1751183396.73, -4.97, 149.10, -25.67, -0.76, -17.85, -5.55, -0.65, -20.26, -5.19
1751183396.76, -2.99, 164.22, -18.82, -0.85, -13.84, -5.76, -0.77, -16.37, -5.54
1751183396.79, -6.07, 147.93, -33.56, -1.08, -9.85, -6.35, -0.96, -12.42, -6.03
1751183396.81, -0.44, 116.53, -10.19, -0.70, -6.88, -6.26, -0.80, -9.06, -6.17
1751183396.84, -1.30, 6.12, -0.82, -0.47, -6.31, -5.92, -0.60, -7.39, -6.02
1751183396.87, 0.02, 2.58, 20.89, -0.18, -6.66, -5.00, -0.35, -6.95, -5.40
1751183396.90, -0.66, -2.25, -2.85, -0.97, -6.23, -4.78, -0.73, -6.51, -5.02
1751183396.92, -5.18, -14.30, -14.34, -0.23, -6.66, -4.87, -0.43, -6.60, -4.93
1751183396.95, -4.02, -5.05, -46.42, -0.60, -6.37, -5.81, -0.53, -6.46, -5.46
1751183396.98, -36.81, 30.35, -41.23, -1.28, -5.87, -6.56, -0.98, -6.10, -6.13
1751183397.00, -50.76, 48.02, -48.58, -2.71, -5.11, -7.45, -2.03, -5.50, -6.93
1751183397.03, -27.64, -36.66, -30.97, -2.97, -5.95, -7.80, -2.60, -5.78, -7.46
1751183397.06, -27.78, -75.24, -17.73, -3.95, -8.23, -7.77, -3.42, -7.26, -7.65
1751183397.08, -42.84, -30.24, -23.92, -4.54, -9.10, -7.89, -4.10, -8.37, -7.79
1751183397.11, -38.67, -34.96, 5.54, -5.45, -9.91, -7.20, -4.92, -9.30, -7.44
1751183397.14, -23.89, -92.92, 21.92, -5.85, -12.04, -6.10, -5.48, -10.96, -6.63
1751183397.17, -37.42, -76.77, 38.93, -6.71, -13.83, -4.50, -6.23, -12.70, -5.33
1751183397.20, -48.04, -18.35, 22.17, -7.88, -13.95, -3.52, -7.23, -13.46, -4.24
1751183397.22, -30.64, 40.04, 0.10, -8.39, -12.81, -3.21, -7.93, -13.06, -3.61
1751183397.25, 55.37, -144.04, 26.34, -7.20, -16.56, -2.19, -7.49, -15.18, -2.75
1751183397.28, -34.13, -88.25, 1.12, -8.05, -19.48, -1.92, -7.83, -17.79, -2.25
1751183397.30, -79.87, -38.72, -7.34, -10.03, -20.70, -1.89, -9.16, -19.55, -2.03
1751183397.34, -90.91, -52.66, -1.12, -12.19, -22.03, -1.69, -11.00, -21.06, -1.82
1751183397.36, -58.49, -96.28, 15.84, -13.95, -24.68, -0.94, -12.78, -23.25, -1.29
1751183397.39, -36.85, -55.25, -17.17, -15.00, -26.19, -1.23, -14.13, -25.04, -1.25
1751183397.42, -11.57, -48.76, -23.66, -15.25, -27.25, -1.67, -14.81, -26.38, -1.51
1751183397.45, -23.68, -73.70, -6.85, -15.58, -28.97, -1.63, -15.27, -27.95, -1.58
1751183397.47, 0.30, -48.46, 33.78, -15.45, -30.76, -0.50, -15.38, -29.65, -0.92
1751183397.50, -14.78, -10.08, 58.51, -15.78, -31.07, 1.25, -15.62, -30.51, 0.39
1751183397.53, -58.24, -0.11, 49.52, -17.54, -30.42, 2.75, -16.79, -30.46, 1.82
1751183397.56, -74.93, -39.31, 40.74, -19.31, -31.03, 3.82, -18.32, -30.80, 3.03
1751183397.58, -59.79, -47.62, 4.98, -21.15, -32.24, 3.85, -20.04, -31.68, 3.53
1751183397.61, -65.65, -51.62, -3.97, -23.08, -33.51, 3.63, -21.88, -32.79, 3.59
1751183397.64, -32.01, -29.41, 17.98, -24.16, -34.42, 4.01, -23.26, -33.78, 3.84
1751183397.67, -17.49, -4.54, 17.55, -24.73, -34.31, 4.35, -24.15, -34.10, 4.15
1751183397.69, -6.95, -28.89, 17.31, -24.92, -34.95, 4.74, -24.62, -34.61, 4.51
1751183397.72, -2.39, -15.96, 18.23, -25.31, -35.47, 5.05, -25.03, -35.13, 4.83
1751183397.75, 5.76, -13.89, 15.17, -25.43, -35.74, 5.24, -25.28, -35.50, 5.08
1751183397.78, 9.43, -17.37, 14.56, -25.45, -36.01, 5.41, -25.38, -35.81, 5.28
1751183397.80, 1.44, -17.66, 15.37, -25.57, -36.34, 5.58, -25.50, -36.13, 5.46
1751183397.83, -2.82, -15.33, 12.45, -25.92, -36.49, 5.65, -25.76, -36.35, 5.57
1751183397.86, -5.50, -15.24, 11.39, -26.18, -36.59, 5.68, -26.01, -36.49, 5.64
1751183397.88, -0.63, -16.60, 5.93, -26.45, -36.58, 5.56, -26.28, -36.55, 5.59
1751183397.91, -1.82, -7.89, 2.50, -26.70, -36.62, 5.34, -26.53, -36.59, 5.44
1751183397.94, 1.18, -17.65, 3.34, -26.80, -36.83, 5.16, -26.69, -36.73, 5.27
1751183397.97, -12.63, -12.73, 2.22, -27.49, -37.08, 4.94, -27.18, -36.94, 5.07
1751183397.99, -4.67, -8.90, 2.73, -27.92, -37.13, 4.75, -27.63, -37.05, 4.88
1751183398.02, -3.83, -6.01, 4.19, -28.31, -37.20, 4.60, -28.04, -37.14, 4.71
1751183398.05, 2.52, -0.66, 4.67, -28.45, -37.05, 4.47, -28.29, -37.08, 4.56
1751183398.07, 6.60, -3.79, 3.15, -28.51, -36.92, 4.30, -28.42, -36.99, 4.40
1751183398.10, 3.21, -3.22, 2.53, -28.61, -36.86, 4.11, -28.54, -36.91, 4.23
1751183398.13, 5.38, -4.27, 2.85, -28.69, -36.85, 3.94, -28.63, -36.87, 4.05
1751183398.15, 8.34, -2.13, 1.18, -28.68, -36.75, 3.73, -28.66, -36.80, 3.86
1751183398.18, 12.82, -11.19, 0.74, -28.43, -36.83, 3.52, -28.52, -36.82, 3.65
1751183398.21, 9.47, -7.01, -0.23, -28.39, -36.92, 3.28, -28.44, -36.88, 3.43
1751183398.24, 9.56, -5.88, 0.44, -28.36, -37.02, 3.07, -28.39, -36.96, 3.21
1751183398.27, 12.67, -5.93, 2.30, -28.17, -37.06, 2.93, -28.26, -37.02, 3.04
1751183398.29, 14.37, -13.52, 3.49, -27.86, -37.21, 2.82, -28.02, -37.14, 2.90
1751183398.32, 5.62, -9.37, 1.98, -27.87, -37.33, 2.67, -27.93, -37.26, 2.76
1751183398.35, 3.53, 1.19, 4.73, -28.16, -37.26, 2.61, -28.07, -37.26, 2.67
1751183398.38, 15.43, 0.91, 10.89, -27.97, -37.26, 2.71, -28.01, -37.26, 2.70
1751183398.41, 29.49, -10.77, 10.23, -27.39, -37.44, 2.78, -27.63, -37.37, 2.75
1751183398.43, 22.40, -15.42, 7.04, -27.00, -37.56, 2.76, -27.25, -37.48, 2.76
1751183398.46, 11.17, -6.36, 5.17, -26.89, -37.64, 2.68, -27.03, -37.58, 2.71
1751183398.49, 4.01, 1.82, 1.55, -26.91, -37.39, 2.51, -26.96, -37.47, 2.59
1751183398.52, 5.24, -8.82, 2.04, -26.89, -37.47, 2.35, -26.92, -37.47, 2.45
1751183398.54, 2.62, -8.60, 1.34, -26.98, -37.53, 2.19, -26.96, -37.51, 2.29
1751183398.57, 0.85, -13.31, 0.34, -27.09, -37.70, 2.00, -27.04, -37.62, 2.11
1751183398.60, 3.93, -14.90, 1.45, -27.20, -38.04, 1.85, -27.14, -37.88, 1.95
1751183398.62, 11.52, -20.60, 2.58, -27.07, -38.41, 1.74, -27.10, -38.20, 1.82
1751183398.65, 4.56, -12.55, 1.57, -27.07, -38.61, 1.61, -27.08, -38.45, 1.69
1751183398.68, 5.85, -19.20, 2.80, -27.02, -39.02, 1.51, -27.04, -38.79, 1.58
1751183398.71, 6.76, -13.83, 2.90, -27.04, -39.36, 1.42, -27.04, -39.14, 1.49
1751183398.73, 7.15, -14.76, 4.02, -27.00, -39.64, 1.37, -27.02, -39.44, 1.41
1751183398.76, 4.53, -20.89, 2.18, -27.02, -39.93, 1.27, -27.02, -39.73, 1.32
1751183398.79, -8.88, 1.79, 2.47, -27.42, -39.83, 1.17, -27.26, -39.79, 1.23
1751183398.82, -4.38, -1.71, 4.23, -27.75, -39.82, 1.14, -27.55, -39.81, 1.17
1751183398.84, -0.28, 0.23, 5.44, -27.97, -39.77, 1.13, -27.81, -39.78, 1.15
1751183398.87, 1.72, 3.50, 5.30, -28.14, -39.53, 1.12, -28.01, -39.63, 1.13
1751183398.90, -2.61, 8.08, 2.75, -28.29, -39.18, 1.04, -28.18, -39.36, 1.08
1751183398.93, -4.14, 13.66, 1.55, -28.69, -38.84, 0.93, -28.49, -39.04, 0.99
1751183398.95, 2.79, 22.59, -0.31, -28.82, -38.14, 0.78, -28.69, -38.50, 0.86
1751183398.98, 15.55, 12.87, 0.27, -28.56, -37.77, 0.65, -28.61, -38.06, 0.73
1751183399.01, 23.27, 8.34, -0.67, -28.04, -37.45, 0.50, -28.26, -37.69, 0.59
1751183399.04, 24.36, -4.82, -2.47, -27.36, -37.37, 0.31, -27.71, -37.49, 0.42
1751183399.07, 23.67, 6.37, -3.44, -26.67, -37.15, 0.06, -27.08, -37.29, 0.20
1751183399.10, 10.81, 10.82, -2.48, -26.19, -36.66, -0.11, -26.54, -36.91, 0.01
1751183399.12, 6.21, -6.94, -6.72, -26.05, -36.68, -0.38, -26.24, -36.77, -0.22
1751183399.15, 10.69, -11.05, -24.11, -25.59, -37.08, -1.10, -25.85, -36.96, -0.75
1751183399.18, 1.82, -8.35, -14.99, -25.38, -37.34, -1.53, -25.57, -37.19, -1.23
1751183399.21, 2.95, -15.69, -15.48, -25.40, -37.63, -1.95, -25.47, -37.45, -1.67
1751183399.24, -9.08, -3.98, -10.56, -25.29, -37.73, -2.27, -25.36, -37.62, -2.03
1751183399.26, -9.85, -11.82, -23.84, -25.76, -38.01, -2.86, -25.60, -37.85, -2.53
1751183399.29, -3.62, -13.37, -16.95, -26.27, -38.72, -3.23, -26.01, -38.38, -2.96
1751183399.32, 19.55, -13.37, -18.99, -25.75, -39.25, -3.64, -25.85, -38.91, -3.37
1751183399.35, 8.96, -9.49, -20.36, -25.29, -39.46, -4.09, -25.51, -39.24, -3.80
1751183399.38, 13.39, 6.37, -6.90, -24.77, -39.45, -4.11, -25.06, -39.37, -3.99
1751183399.40, 25.92, -10.26, -13.08, -23.82, -39.81, -4.30, -24.31, -39.64, -4.18
1751183399.43, 14.48, -14.47, -15.54, -23.12, -40.22, -4.52, -23.59, -39.99, -4.38
1751183399.46, 10.50, -14.57, -7.75, -22.55, -40.67, -4.51, -22.96, -40.40, -4.46
1751183399.49, 12.23, -22.38, -9.94, -22.09, -41.26, -4.56, -22.43, -40.92, -4.52
1751183399.51, 5.88, -4.89, -9.57, -21.62, -41.57, -4.59, -21.94, -41.32, -4.56
1751183399.54, 6.24, -8.91, -5.39, -21.29, -41.79, -4.51, -21.55, -41.60, -4.53
1751183399.57, -1.39, -14.82, 3.71, -21.09, -42.34, -4.15, -21.27, -42.05, -4.30
1751183399.60, -4.75, -16.77, 1.05, -20.93, -42.70, -3.90, -21.06, -42.44, -4.05
1751183399.63, -2.31, -26.40, -0.85, -20.84, -43.37, -3.70, -20.93, -43.01, -3.84
1751183399.65, -4.37, -19.81, -3.91, -20.79, -43.99, -3.60, -20.84, -43.60, -3.69
1751183399.68, 7.05, -12.56, -4.68, -20.55, -44.47, -3.52, -20.67, -44.13, -3.59
1751183399.71, 5.07, 6.71, -3.05, -20.28, -44.66, -3.39, -20.44, -44.45, -3.47
1751183399.74, 12.85, 26.66, -2.89, -19.86, -44.13, -3.28, -20.09, -44.26, -3.35
1751183399.77, 15.69, 22.60, -6.79, -18.83, -43.45, -3.26, -19.33, -43.77, -3.29
1751183399.79, 22.03, 38.73, -3.75, -17.96, -42.61, -3.15, -18.50, -43.07, -3.21
1751183399.82, 22.41, 50.87, -8.12, -17.77, -41.50, -3.17, -18.06, -42.12, -3.18
1751183399.85, 53.27, 40.89, 12.14, -16.44, -40.06, -2.63, -17.08, -40.87, -2.85
1751183399.88, 54.98, 28.44, 20.18, -14.64, -39.35, -1.90, -15.60, -39.95, -2.27
1751183399.91, 67.09, 49.29, 7.73, -12.45, -38.35, -1.52, -13.69, -38.98, -1.82
1751183399.93, 14.09, 25.80, -3.54, -11.90, -37.59, -1.50, -12.61, -38.14, -1.62
1751183399.96, 35.78, 30.49, 19.24, -10.96, -36.80, -0.85, -11.61, -37.33, -1.16
1751183399.99, 54.24, 64.65, 7.42, -9.35, -35.52, -0.57, -10.24, -36.23, -0.80
1751183400.01, 56.89, 84.15, -0.35, -7.75, -33.63, -0.51, -8.73, -34.66, -0.63
1751183400.04, 22.64, 37.97, -11.86, -7.00, -32.43, -0.77, -7.68, -33.31, -0.71
1751183400.07, 152.40, -116.89, -28.18, -3.27, -34.13, -1.45, -5.01, -33.80, -1.16
1751183400.10, 237.69, 132.72, -110.66, 6.14, -33.18, -4.31, 1.75, -33.43, -3.07
1751183400.12, 43.95, -9.47, -13.43, 7.64, -33.23, -4.38, 5.32, -33.31, -3.87
1751183400.15, 24.66, -17.27, -4.55, 7.97, -34.03, -4.20, 6.93, -33.75, -4.07
1751183400.18, 3.50, -29.79, -10.38, 8.17, -34.81, -4.18, 7.68, -34.39, -4.14
1751183400.20, 28.63, 34.88, -1.94, 9.25, -34.85, -3.93, 8.63, -34.67, -4.01
1751183400.23, 20.68, 37.73, 19.72, 10.22, -33.66, -3.09, 9.59, -34.06, -3.45
1751183400.26, -29.63, 14.35, 21.14, 9.60, -33.37, -2.26, 9.60, -33.64, -2.73
1751183400.29, -47.09, 22.17, 25.77, 8.33, -32.87, -1.36, 8.83, -33.18, -1.90
1751183400.31, -41.76, 11.89, 30.19, 7.36, -32.72, -0.39, 7.94, -32.90, -0.99
1751183400.34, 1.71, 30.11, 14.93, 7.06, -32.11, 0.11, 7.41, -32.42, -0.33
1751183400.37, 31.27, 27.49, -3.96, 7.57, -31.58, 0.06, 7.51, -31.91, -0.09
1751183400.40, 45.18, 35.54, -21.54, 8.67, -30.73, -0.45, 8.21, -31.19, -0.31
1751183400.43, 108.96, 96.62, 25.85, 12.98, -28.10, 0.47, 11.10, -29.32, 0.16
1751183400.45, 145.68, 101.08, 8.81, 16.79, -25.20, 0.75, 14.55, -26.82, 0.52
1751183400.48, 106.60, 30.59, -9.85, 19.29, -24.45, 0.51, 17.42, -25.39, 0.51
1751183400.51, 100.49, 18.71, -18.65, 22.02, -24.38, 0.05, 20.21, -24.78, 0.23
1751183400.53, 91.66, 7.15, -23.73, 24.12, -24.24, -0.53, 22.58, -24.45, -0.23
1751183400.56, 89.30, -13.21, -30.84, 25.84, -24.68, -1.27, 24.56, -24.59, -0.86
1751183400.59, 78.57, -13.02, -26.15, 28.05, -25.14, -1.84, 26.67, -24.92, -1.45
1751183400.62, 77.58, -35.00, -30.13, 30.23, -26.08, -2.48, 28.83, -25.62, -2.07
1751183400.64, 87.24, -45.58, -22.73, 32.59, -27.28, -2.87, 31.11, -26.63, -2.56
1751183400.67, 82.02, -36.85, -18.92, 35.05, -28.00, -3.13, 33.50, -27.46, -2.91
1751183400.70, 84.37, -13.95, -6.83, 37.60, -28.23, -3.05, 35.98, -27.93, -2.99
1751183400.73, 49.74, -23.00, -35.42, 38.83, -28.62, -3.75, 37.71, -28.35, -3.45
1751183400.75, 14.21, -38.24, -10.18, 39.67, -29.69, -3.71, 38.90, -29.16, -3.61
1751183400.78, -2.71, -27.95, 2.76, 39.94, -30.28, -3.33, 39.53, -29.84, -3.44
1751183400.81, 27.44, -36.86, -22.19, 40.73, -31.01, -3.63, 40.26, -30.55, -3.55
1751183400.83, 70.60, -36.33, -39.65, 43.10, -32.19, -4.39, 41.98, -31.55, -4.06
1751183400.86, 22.34, -0.21, -14.66, 43.75, -31.56, -4.42, 43.05, -31.56, -4.28
1751183400.89, 25.44, 7.06, -11.34, 44.75, -31.19, -4.35, 44.08, -31.33, -4.32
1751183400.92, 34.11, 17.98, -15.20, 45.90, -30.53, -4.39, 45.18, -30.85, -4.36
1751183400.94, 35.10, 10.40, -14.61, 47.01, -30.01, -4.41, 46.29, -30.34, -4.39
1751183400.97, 30.51, 21.23, -10.47, 48.33, -29.29, -4.30, 47.53, -29.70, -4.33
1751183401.00, 17.21, 31.75, -10.57, 49.05, -28.26, -4.20, 48.45, -28.83, -4.25
1751183401.02, 18.47, 38.85, -10.57, 49.68, -27.05, -4.09, 49.20, -27.75, -4.15
1751183401.05, 19.21, 33.69, -9.02, 50.19, -25.85, -3.95, 49.80, -26.60, -4.03
1751183401.08, 11.16, 8.06, -5.66, 50.57, -25.36, -3.72, 50.27, -25.85, -3.84
1751183401.11, 4.87, 6.03, -4.05, 50.93, -25.04, -3.45, 50.67, -25.36, -3.60
1751183401.13, 4.84, 6.53, -2.50, 51.04, -24.60, -3.15, 50.89, -24.90, -3.33
1751183401.16, 1.82, -1.61, -6.16, 51.15, -24.50, -2.97, 51.05, -24.66, -3.11
1751183401.19, 8.31, 2.73, -4.79, 51.44, -24.24, -2.76, 51.29, -24.40, -2.90
1751183401.21, 0.29, -7.78, -6.92, 51.54, -24.28, -2.61, 51.44, -24.33, -2.72
1751183401.24, 0.15, -5.61, -3.05, 51.62, -24.14, -2.36, 51.55, -24.22, -2.50
1751183401.27, -3.57, -2.16, -2.63, 51.70, -24.03, -2.11, 51.64, -24.10, -2.27
1751183401.30, 2.44, 6.02, -0.70, 51.86, -23.69, -1.83, 51.78, -23.85, -2.00
1751183401.32, -0.30, 3.10, 0.05, 51.98, -23.47, -1.53, 51.90, -23.62, -1.72
1751183401.35, -4.47, 2.86, 1.36, 51.94, -23.29, -1.22, 51.92, -23.42, -1.42
1751183401.38, -2.54, 8.17, 1.86, 52.03, -22.96, -0.90, 51.99, -23.14, -1.11
1751183401.41, -4.49, 12.31, 0.44, 51.97, -22.48, -0.65, 51.98, -22.74, -0.83
1751183401.43, -5.68, 7.86, -4.32, 51.83, -22.18, -0.54, 51.89, -22.40, -0.65
1751183401.46, -4.75, 9.88, -4.96, 51.83, -21.85, -0.45, 51.86, -22.07, -0.53
1751183401.49, -3.34, 12.17, -2.97, 51.75, -21.38, -0.32, 51.79, -21.65, -0.40
1751183401.51, -10.73, 2.90, -6.07, 51.48, -21.18, -0.27, 51.60, -21.37, -0.32
1751183401.54, -7.92, 3.40, -7.66, 51.33, -21.01, -0.27, 51.44, -21.15, -0.29
1751183401.57, -4.62, 6.68, -4.40, 51.32, -20.75, -0.18, 51.37, -20.91, -0.23
1751183401.60, -2.29, 7.21, -4.81, 51.27, -20.45, -0.11, 51.31, -20.63, -0.16
1751183401.62, -2.95, 3.83, -1.84, 51.18, -20.23, 0.04, 51.23, -20.39, -0.03
1751183401.65, -6.68, 0.62, -2.02, 51.02, -20.13, 0.18, 51.10, -20.23, 0.09
1751183401.68, -9.40, -0.85, -1.76, 50.85, -20.07, 0.31, 50.95, -20.13, 0.22
1751183401.71, -7.91, -1.75, 0.11, 50.66, -20.00, 0.48, 50.77, -20.05, 0.38
1751183401.73, -12.53, -4.04, 1.06, 50.38, -20.02, 0.67, 50.54, -20.03, 0.56
1751183401.76, -19.24, -7.07, 6.63, 49.93, -20.01, 1.00, 50.17, -20.02, 0.83
1751183401.79, -34.27, -30.16, 13.93, 48.83, -20.64, 1.58, 49.36, -20.39, 1.28
1751183401.82, -47.37, -55.66, 11.07, 47.75, -22.02, 1.97, 48.38, -21.38, 1.70
1751183401.85, -34.50, -20.09, 15.74, 47.05, -22.63, 2.46, 47.57, -22.14, 2.16
1751183401.87, -43.01, -98.60, 75.65, 45.68, -25.35, 4.54, 46.43, -24.08, 3.61
1751183401.90, -47.13, -72.64, 74.73, 44.62, -26.97, 6.47, 45.33, -25.84, 5.34
1751183401.93, -61.34, -71.23, 55.45, 43.19, -29.11, 7.77, 44.03, -27.82, 6.81
1751183401.96, -1.44, -77.05, 97.18, 45.31, -31.57, 10.53, 44.81, -30.09, 9.07
1751183401.99, -23.95, -75.92, 97.47, 45.17, -33.74, 12.71, 45.03, -32.30, 11.28
1751183402.01, -39.83, -68.06, 88.73, 43.48, -35.62, 14.49, 44.09, -34.31, 13.22
1751183402.04, -87.61, -86.04, 102.42, 41.32, -38.04, 16.51, 42.41, -36.57, 15.22
1751183402.07, -75.52, -66.56, 102.92, 39.21, -40.09, 18.43, 40.47, -38.71, 17.16
1751183402.09, -55.32, 17.18, 59.56, 35.02, -38.68, 19.02, 37.17, -38.69, 18.29
1751183402.12, -109.34, -81.49, 43.50, 31.90, -41.06, 19.12, 33.98, -40.12, 18.79
1751183402.15, -98.91, -58.22, 15.93, 29.89, -43.47, 18.44, 31.50, -42.15, 18.58
1751183402.18, -83.67, -16.21, 7.35, 27.80, -44.38, 17.55, 29.26, -43.50, 17.95
1751183402.20, -82.50, -18.44, 19.99, 24.93, -45.25, 17.02, 26.63, -44.56, 17.39
1751183402.23, -40.31, 8.21, 5.94, 24.18, -45.74, 16.13, 25.15, -45.27, 16.63
1751183402.26, -48.52, -12.76, 43.02, 22.60, -46.61, 16.27, 23.60, -46.08, 16.41
1751183402.29, -44.48, -33.08, 58.79, 21.27, -47.87, 16.81, 22.19, -47.17, 16.66
1751183402.32, -44.91, -21.55, 51.53, 19.29, -49.01, 17.36, 20.43, -48.28, 17.08
1751183402.35, -19.42, -26.61, 48.44, 18.29, -50.19, 17.51, 19.13, -49.44, 17.34
1751183402.37, -21.40, -35.27, 43.68, 17.14, -51.45, 17.56, 17.93, -50.66, 17.47
1751183402.40, -36.21, 2.51, 32.82, 15.67, -51.75, 17.27, 16.56, -51.32, 17.35
1751183402.43, -51.71, -15.91, 35.56, 13.30, -52.66, 17.00, 14.59, -52.13, 17.13
1751183402.46, -44.41, -10.07, 46.31, 11.24, -53.41, 17.02, 12.56, -52.91, 17.06
1751183402.48, -29.34, 4.08, 23.89, 9.74, -53.64, 16.40, 10.85, -53.35, 16.66
1751183402.51, -9.77, 34.51, 3.66, 8.31, -52.90, 15.24, 9.31, -53.08, 15.80
1751183402.54, -12.53, -14.85, 9.48, 6.63, -53.32, 14.30, 7.69, -53.22, 14.89
1751183402.57, -21.34, -12.56, 8.60, 5.48, -53.75, 13.38, 6.35, -53.54, 13.97
1751183402.59, -22.47, -33.89, 3.20, 3.98, -55.00, 12.34, 4.92, -54.43, 12.98
1751183402.62, -6.82, -19.96, -0.95, 3.08, -56.02, 11.23, 3.80, -55.39, 11.92
1751183402.65, -2.04, -10.30, -3.00, 2.26, -56.50, 10.10, 2.87, -56.06, 10.82
1751183402.68, -10.59, -22.02, 0.11, 1.31, -57.41, 9.13, 1.93, -56.88, 9.80
1751183402.70, 5.78, -14.40, -7.31, 0.92, -57.96, 8.00, 1.32, -57.53, 8.71
1751183402.73, -7.69, -11.90, 8.83, 0.20, -58.55, 7.37, 0.64, -58.15, 7.90
1751183402.76, -9.74, -6.08, 1.00, -0.76, -58.92, 6.56, -0.21, -58.62, 7.09
1751183402.79, -10.91, -21.58, 2.65, -1.67, -59.86, 5.79, -1.09, -59.37, 6.30
1751183402.82, -14.46, -21.05, 5.19, -2.67, -60.52, 5.16, -2.05, -60.07, 5.61
1751183402.84, -3.43, -9.84, 3.03, -3.38, -60.99, 4.51, -2.86, -60.63, 4.94
1751183402.87, -0.60, -15.54, 1.92, -3.95, -61.57, 3.86, -3.52, -61.20, 4.29
1751183402.90, -10.57, -26.46, 6.28, -4.69, -62.41, 3.37, -4.23, -61.93, 3.73
1751183402.92, -8.85, -14.63, -0.43, -5.61, -62.94, 2.72, -5.07, -62.55, 3.12
1751183402.95, -7.01, -12.18, 0.63, -6.26, -63.45, 2.13, -5.79, -63.09, 2.52
1751183402.98, -1.71, -7.34, 3.07, -6.98, -63.87, 1.64, -6.52, -63.56, 1.99
1751183403.01, 4.63, -0.82, 1.50, -7.47, -63.97, 1.14, -7.09, -63.81, 1.47
1751183403.03, -2.56, -15.27, 4.44, -8.00, -64.56, 0.74, -7.64, -64.26, 1.03
1751183403.06, 0.34, 3.45, 0.00, -8.56, -64.51, 0.25, -8.20, -64.41, 0.56
1751183403.09, -1.44, 3.68, 0.47, -9.08, -64.57, -0.20, -8.73, -64.51, 0.10
1751183403.11, 6.48, 18.26, -4.11, -9.37, -64.26, -0.75, -9.12, -64.36, -0.41
1751183403.14, 26.16, 37.91, -12.22, -8.89, -63.46, -1.51, -8.98, -63.81, -1.08
1751183403.17, 59.14, 87.66, -30.51, -7.49, -61.42, -2.70, -8.08, -62.36, -2.06
1751183403.20, 79.90, 56.05, -54.49, -5.16, -59.80, -4.46, -6.31, -60.81, -3.52
1751183403.22, 101.03, 77.04, -66.05, -2.29, -57.99, -6.43, -3.87, -59.10, -5.28
1751183403.25, 106.56, 45.91, -72.57, 0.40, -56.89, -8.45, -1.28, -57.76, -7.20
1751183403.28, 98.36, 42.88, -77.25, 3.45, -55.62, -10.57, 1.59, -56.47, -9.24
1751183403.31, 87.95, 34.84, -57.27, 6.37, -54.76, -11.92, 4.48, -55.43, -10.87
1751183403.34, 49.09, 21.21, -56.84, 8.62, -54.03, -13.91, 6.99, -54.58, -12.71
1751183403.37, 71.32, 20.80, -67.56, 10.81, -53.53, -15.27, 9.31, -53.94, -14.26
1751183403.40, 77.91, -11.57, -45.02, 13.76, -53.72, -15.92, 12.01, -53.81, -15.27
1751183403.43, 68.69, -11.92, -36.34, 16.51, -53.91, -16.28, 14.73, -53.87, -15.88
1751183403.45, 53.74, -2.89, -38.90, 18.73, -53.65, -16.68, 17.15, -53.74, -16.36
1751183403.49, 54.51, 3.26, -64.63, 20.83, -53.17, -17.72, 19.38, -53.39, -17.19
1751183403.52, 30.26, 2.56, -47.18, 22.89, -52.75, -18.74, 21.50, -53.01, -18.13
1751183403.54, 26.75, -1.95, -47.78, 24.81, -52.60, -19.17, 23.51, -52.76, -18.76
1751183403.57, 15.56, 11.77, -32.49, 26.26, -51.93, -19.10, 25.18, -52.26, -18.97
1751183403.60, 16.56, -0.36, -21.68, 27.76, -51.51, -18.73, 26.75, -51.80, -18.82
1751183403.63, 23.38, -0.82, -25.41, 29.47, -51.20, -18.45, 28.40, -51.44, -18.60
1751183403.65, 10.13, 19.34, -15.29, 30.76, -50.30, -17.90, 29.83, -50.75, -18.17
1751183403.68, 4.31, 23.18, -6.96, 31.74, -49.29, -17.13, 30.99, -49.86, -17.54
1751183403.71, 0.70, 13.35, -2.74, 32.71, -48.53, -16.27, 32.03, -49.06, -16.77
1751183403.73, -3.44, 22.31, -9.17, 33.59, -47.60, -15.62, 32.98, -48.17, -16.08
1751183403.76, -19.25, 22.66, -2.32, 33.79, -46.79, -14.81, 33.47, -47.33, -15.31
1751183403.79, -11.85, 18.63, -8.32, 34.27, -45.95, -14.18, 33.96, -46.49, -14.62
1751183403.82, -8.52, 35.80, -8.43, 34.72, -44.75, -13.58, 34.42, -45.44, -13.99
1751183403.84, -6.46, 30.64, -3.51, 35.17, -43.73, -12.86, 34.88, -44.40, -13.31
1751183403.87, 1.34, 15.09, -0.96, 35.82, -43.06, -12.10, 35.45, -43.59, -12.58
1751183403.90, -2.34, 26.54, -1.71, 36.37, -42.06, -11.39, 36.01, -42.66, -11.86
1751183403.92, 1.82, 47.91, -2.36, 37.10, -40.64, -10.73, 36.67, -41.44, -11.17
1751183403.95, -1.27, 49.85, 3.45, 37.36, -39.13, -9.93, 37.09, -40.04, -10.42
1751183403.98, -9.31, 18.47, 14.79, 37.41, -38.41, -8.86, 37.29, -39.05, -9.47
1751183404.01, -3.78, 9.73, 6.33, 37.66, -37.95, -8.07, 37.51, -38.38, -8.62
1751183404.03, 2.92, 10.31, -2.84, 38.09, -37.59, -7.57, 37.86, -37.90, -7.98
1751183404.06, 6.05, 18.30, -3.61, 38.54, -37.00, -7.10, 38.27, -37.36, -7.45
1751183404.09, 0.59, -4.97, 2.79, 38.80, -37.06, -6.47, 38.59, -37.18, -6.86
1751183404.12, 4.99, -0.68, 3.37, 39.31, -36.96, -5.86, 39.03, -37.05, -6.25
1751183404.14, 4.53, -8.29, 4.89, 39.61, -36.94, -5.24, 39.38, -36.98, -5.64
1751183404.17, -18.68, -5.37, 14.71, 39.34, -36.91, -4.39, 39.35, -36.94, -4.88
1751183404.20, -39.96, 0.67, 20.21, 38.52, -36.71, -3.43, 38.85, -36.80, -4.00
1751183404.22, -95.56, -93.04, 60.79, 35.72, -39.31, -1.42, 36.95, -38.32, -2.44
1751183404.25, -82.37, -82.70, 83.62, 33.78, -41.47, 1.08, 35.03, -40.23, -0.30
1751183404.28, -58.87, -82.61, 67.22, 32.70, -43.57, 3.00, 33.62, -42.25, 1.70
1751183404.31, -44.61, -150.84, 90.62, 32.22, -47.59, 5.44, 32.77, -45.49, 3.97
1751183404.34, -30.36, -167.77, 108.48, 31.35, -52.74, 8.64, 31.91, -49.88, 6.80
1751183404.36, -64.76, -225.02, 102.40, 29.16, -58.60, 11.10, 30.25, -55.16, 9.41
1751183404.39, -45.81, -146.66, 98.92, 29.01, -63.11, 13.37, 29.50, -59.98, 11.81
1751183404.42, -53.60, -173.28, 56.47, 27.35, -67.76, 14.31, 28.20, -64.70, 13.32
1751183404.45, -77.41, -206.41, 71.88, 24.24, -73.23, 15.60, 25.80, -69.87, 14.70
1751183404.48, -102.63, -134.75, 88.95, 25.81, -77.07, 17.18, 25.81, -74.23, 16.20
1751183404.51, -62.38, -77.02, 60.84, 23.78, -79.67, 17.97, 24.58, -77.52, 17.28
1751183404.54, -71.07, -64.15, 59.64, 21.12, -81.58, 18.78, 22.49, -79.98, 18.18
1751183404.56, -78.51, -83.73, 90.50, 22.36, -84.08, 20.11, 22.41, -82.46, 19.35
1751183404.59, -64.98, -28.69, 82.09, 14.12, -84.79, 21.11, 17.39, -83.87, 20.42
1751183404.62, -36.30, 0.56, 53.99, 5.82, -84.72, 21.27, 10.38, -84.39, 20.94
1751183404.64, -9.28, 71.18, 6.01, -1.91, -82.87, 20.10, 2.93, -83.47, 20.43
1751183404.67, 2.03, 95.87, -14.26, -6.79, -80.30, 18.41, -2.96, -81.55, 19.21
1751183404.70, 76.33, 87.85, -7.19, -1.96, -78.12, 16.98, -2.36, -79.47, 17.86
1751183404.73, 108.24, 124.31, -14.40, -0.93, -74.69, 15.43, -1.49, -76.57, 16.39
1751183404.75, 105.73, 109.36, 5.73, 0.31, -72.18, 14.50, -0.40, -73.91, 15.25
1751183404.78, 96.64, 221.31, -13.82, 0.71, -66.38, 13.08, 0.27, -69.35, 13.93
1751183404.81, 59.50, 250.13, -65.70, -3.50, -58.82, 10.32, -2.01, -62.97, 11.74
1751183404.84, 182.42, 250.13, -128.94, 1.49, -48.85, 6.00, 0.11, -54.41, 8.26
1751183404.86, -92.12, -184.63, 96.24, 1.48, -51.00, 8.04, 0.94, -52.35, 8.13
1751183404.89, -138.63, 3.39, -26.56, -7.53, -50.90, 6.60, -4.19, -51.47, 7.20
1751183404.92, -38.02, 16.67, -45.40, -8.49, -50.82, 4.73, -6.80, -51.07, 5.71
1751183404.94, 3.28, -2.84, -30.89, -7.29, -50.82, 3.36, -7.09, -50.92, 4.28
1751183404.97, -1.47, -27.69, -10.42, -6.91, -51.53, 2.62, -6.98, -51.29, 3.27
1751183405.00, -4.40, -45.19, 3.07, -8.67, -52.55, 2.28, -8.01, -52.05, 2.67
1751183405.03, -5.56, 3.08, 16.06, -8.15, -52.26, 2.32, -8.09, -52.18, 2.46
1751183405.05, -51.64, -5.09, 47.71, -9.96, -52.08, 3.20, -9.22, -52.12, 2.91
1751183405.08, -135.37, 30.16, 102.57, -12.97, -51.25, 5.52, -11.49, -51.59, 4.49
1751183405.11, -206.97, 5.03, 117.55, -17.32, -51.00, 8.11, -15.03, -51.24, 6.68
1751183405.13, -193.35, 45.91, 128.51, -23.24, -48.72, 10.83, -20.00, -49.71, 9.19
1751183405.16, -28.72, 96.96, 201.96, -23.74, -45.97, 15.36, -22.27, -47.44, 12.93
1751183405.19, -56.34, 52.70, 128.79, -26.47, -43.77, 17.64, -24.81, -45.22, 15.78
1751183405.22, -171.05, 111.40, 28.44, -31.44, -40.24, 17.04, -28.83, -42.20, 16.54
1751183405.24, -223.10, 67.95, 17.54, -37.76, -37.96, 16.16, -34.24, -39.63, 16.31
1751183405.27, -250.14, 148.03, 74.37, -45.41, -34.50, 16.85, -41.01, -36.52, 16.64
1751183405.30, -250.14, 116.53, 113.34, -52.66, -31.14, 18.55, -48.07, -33.26, 17.80
1751183405.33, -249.70, 95.23, 105.15, -60.83, -28.69, 19.92, -55.80, -30.49, 19.08
1751183405.35, -97.76, 22.00, 55.09, -63.64, -27.75, 19.81, -60.55, -28.83, 19.52
1751183405.38, -8.92, 13.67, 18.31, -64.14, -26.95, 18.67, -62.72, -27.69, 19.01
1751183405.41, 7.31, -23.64, -11.62, -64.48, -25.40, 16.76, -63.79, -26.30, 17.65
1751183405.44, 39.18, -41.91, 26.63, -64.04, -26.10, 15.98, -63.94, -26.18, 16.64
1751183405.46, 11.96, -24.08, 6.57, -64.28, -26.16, 14.68, -64.15, -26.17, 15.45
1751183405.49, -0.81, 5.53, -5.53, -64.82, -25.60, 13.11, -64.56, -25.82, 14.03
1751183405.52, -5.49, 14.42, -12.71, -65.26, -24.82, 11.42, -64.98, -25.22, 12.45
1751183405.55, -1.88, -0.75, -5.98, -65.65, -24.62, 9.94, -65.38, -24.85, 10.93
1751183405.57, -7.29, 15.19, -2.84, -66.04, -23.95, 8.68, -65.78, -24.30, 9.56
1751183405.60, -3.12, 8.23, 0.64, -66.31, -23.55, 7.57, -66.10, -23.84, 8.36
1751183405.63, -3.02, 2.94, 3.64, -66.54, -23.26, 6.60, -66.37, -23.49, 7.29
1751183405.65, -4.79, 4.17, 4.45, -66.90, -22.98, 5.70, -66.69, -23.18, 6.33
1751183405.68, 2.16, -1.66, 8.87, -67.10, -22.84, 4.97, -66.94, -22.98, 5.50
1751183405.71, 6.48, -10.95, 9.85, -67.05, -22.86, 4.30, -67.01, -22.91, 4.77
1751183405.74, 14.31, -14.36, 12.94, -66.92, -23.04, 3.75, -66.95, -22.99, 4.15
1751183405.76, 22.13, -16.82, 12.77, -66.51, -23.20, 3.22, -66.68, -23.12, 3.59
1751183405.79, 29.22, -19.40, 15.82, -65.85, -23.47, 2.80, -66.18, -23.33, 3.11
1751183405.82, 37.84, -40.64, 24.60, -64.76, -24.20, 2.64, -65.32, -23.86, 2.82
1751183405.85, 74.97, -109.35, 40.57, -63.05, -26.46, 2.92, -63.94, -25.44, 2.88
1751183405.87, 24.40, 0.39, -21.42, -62.47, -25.86, 1.43, -63.05, -25.69, 2.00
1751183405.90, 46.79, -14.21, -44.56, -61.18, -25.73, -0.56, -61.92, -25.71, 0.45
1751183405.93, 44.45, -31.58, -31.14, -60.27, -26.16, -2.04, -60.92, -25.99, -1.06
1751183405.96, 36.24, -36.69, -20.06, -59.59, -26.93, -3.13, -60.11, -26.56, -2.31
1751183405.98, 38.77, -50.65, -43.02, -58.75, -27.87, -4.77, -59.28, -27.36, -3.80
1751183406.01, 61.73, -63.71, 3.56, -57.06, -29.44, -5.04, -57.94, -28.62, -4.55
1751183406.04, 132.95, -45.25, 35.04, -53.73, -30.14, -4.41, -55.39, -29.54, -4.46
1751183406.07, 167.05, -89.85, -6.53, -49.79, -32.14, -4.96, -52.00, -31.11, -4.77
1751183406.09, 165.24, -84.47, -36.72, -45.69, -34.02, -6.30, -48.17, -32.87, -5.69
1751183406.12, 181.60, -74.94, -56.59, -41.16, -35.30, -8.08, -43.92, -34.35, -7.14
1751183406.15, 222.44, -80.93, -85.31, -35.56, -37.28, -10.54, -38.86, -36.12, -9.20
1751183406.18, 218.15, -34.93, -123.32, -30.27, -37.80, -13.85, -33.65, -37.14, -12.02
1751183406.20, 180.01, -24.67, -148.55, -25.35, -38.25, -17.66, -28.62, -37.81, -15.44
1751183406.23, 173.15, -31.86, -163.11, -20.50, -39.09, -21.83, -23.70, -38.59, -19.31
1751183406.26, 155.43, 8.43, -163.98, -16.34, -38.97, -25.51, -19.24, -38.82, -23.07
1751183406.29, 171.78, -2.40, -146.57, -10.92, -39.15, -28.49, -14.20, -39.02, -26.36
1751183406.31, 167.95, -5.27, -153.34, -5.93, -39.17, -31.44, -9.19, -39.11, -29.44
1751183406.34, 166.53, -15.27, -134.01, -0.29, -39.70, -33.65, -3.80, -39.47, -31.99
1751183406.37, 116.78, 1.34, -68.44, 4.10, -39.68, -33.91, 0.99, -39.60, -33.15
1751183406.40, 97.26, -6.98, -18.36, 8.10, -39.76, -32.80, 5.30, -39.70, -32.94
1751183406.42, 79.55, -5.85, -16.02, 11.32, -39.79, -31.59, 8.95, -39.75, -32.12
1751183406.45, 33.31, -7.57, -16.17, 13.19, -40.05, -30.42, 11.52, -39.93, -31.09
1751183406.48, 72.69, -26.74, 0.59, 16.19, -40.75, -28.83, 14.35, -40.43, -29.72
1751183406.50, 39.23, -27.32, -29.92, 17.88, -40.85, -28.12, 16.49, -40.68, -28.75
1751183406.53, 14.38, -28.34, -52.21, 19.45, -41.34, -28.02, 18.28, -41.08, -28.31
1751183406.56, 32.04, -78.33, -31.72, 21.09, -43.20, -27.33, 19.98, -42.37, -27.72
1751183406.59, 83.82, -24.43, -68.37, 25.24, -43.28, -27.81, 23.17, -42.92, -27.77
1751183406.62, 88.21, -5.73, -62.22, 28.97, -42.97, -27.89, 26.69, -42.95, -27.84
1751183406.64, 78.85, -10.58, -73.87, 31.84, -43.12, -28.28, 29.81, -43.05, -28.11
1751183406.67, 62.42, -7.83, -79.63, 34.78, -42.94, -28.74, 32.82, -42.98, -28.49
1751183406.70, 65.46, -23.12, -55.18, 37.89, -42.97, -28.46, 35.89, -42.98, -28.47
1751183406.73, 72.42, -9.06, -94.94, 41.30, -42.48, -29.26, 39.17, -42.68, -28.95
1751183406.75, 94.28, -2.17, -130.43, 45.26, -41.63, -31.07, 42.86, -42.04, -30.24
1751183406.78, 63.89, -26.39, -92.76, 48.35, -41.38, -31.72, 46.18, -41.64, -31.13
1751183406.81, 18.36, -23.39, 0.96, 50.91, -41.06, -29.57, 49.05, -41.29, -30.18
1751183406.84, 44.03, -0.02, -25.45, 53.68, -40.08, -28.23, 51.86, -40.55, -29.00
1751183406.86, 46.32, 15.75, -25.16, 56.17, -38.60, -26.94, 54.47, -39.37, -27.75
1751183406.89, 16.95, 13.24, -1.93, 57.75, -37.37, -25.05, 56.45, -38.16, -26.11
1751183406.92, -6.73, 8.04, 15.81, 58.61, -36.22, -22.76, 57.76, -36.98, -24.08
1751183406.95, 0.85, 5.69, 5.98, 59.78, -35.22, -20.81, 58.98, -35.91, -22.10
1751183406.98, 6.75, 6.06, -3.24, 61.07, -34.18, -19.21, 60.25, -34.86, -20.35
1751183407.00, 6.39, 3.56, 2.40, 62.27, -33.43, -17.54, 61.47, -34.00, -18.64
1751183407.03, -1.66, 1.10, 4.11, 63.20, -32.64, -15.90, 62.52, -33.18, -16.98
1751183407.06, -18.89, 31.31, 6.84, 63.65, -30.97, -14.20, 63.20, -31.84, -15.29
1751183407.09, -61.39, 21.15, 57.87, 62.84, -30.18, -11.23, 62.98, -30.83, -12.83
1751183407.12, -23.80, 39.98, 2.51, 62.84, -28.58, -9.94, 62.90, -29.47, -11.08
1751183407.14, -1.32, 25.38, -9.35, 63.39, -27.56, -9.05, 63.20, -28.31, -9.85
1751183407.17, -11.12, 13.33, 6.60, 63.76, -26.96, -7.77, 63.54, -27.50, -8.59
1751183407.20, -25.18, 30.05, 36.18, 63.62, -25.95, -5.74, 63.59, -26.56, -6.86
1751183407.23, -24.35, 1.33, 37.57, 63.37, -25.77, -3.79, 63.46, -26.08, -5.00
1751183407.25, -30.57, -19.92, 28.55, 62.85, -26.10, -2.13, 63.09, -26.09, -3.26
1751183407.28, -66.48, -5.47, 55.98, 61.61, -26.51, 0.11, 62.19, -26.35, -1.22
1751183407.31, -118.11, -30.82, 51.95, 58.74, -27.16, 2.11, 60.10, -26.84, 0.80
1751183407.33, -116.11, -8.60, 35.57, 56.06, -27.44, 3.53, 57.65, -27.20, 2.46
1751183407.36, -115.90, -35.98, 44.05, 53.18, -28.47, 5.10, 54.94, -27.97, 4.06
1751183407.39, -127.21, -76.78, 54.44, 49.81, -30.94, 6.86, 51.83, -29.77, 5.76
1751183407.42, -150.03, -86.82, 65.91, 46.11, -33.26, 8.81, 48.37, -31.89, 7.61
1751183407.44, -171.48, -90.72, 68.21, 42.05, -35.62, 10.70, 44.54, -34.15, 9.48
1751183407.47, -136.66, -46.91, 46.53, 39.74, -37.35, 11.88, 41.63, -36.09, 10.93
1751183407.50, -118.05, -68.14, 46.60, 36.99, -39.38, 12.97, 38.82, -38.09, 12.16
1751183407.52, -93.94, -69.31, 45.41, 35.34, -41.43, 13.95, 36.71, -40.11, 13.24
1751183407.55, -97.12, -77.37, 38.27, 32.84, -43.53, 14.66, 34.37, -42.18, 14.10
1751183407.58, -132.13, -148.56, 27.60, 28.70, -47.38, 15.08, 30.93, -45.33, 14.70
1751183407.61, -101.20, -154.43, 23.59, 27.03, -51.56, 15.29, 28.57, -49.11, 15.05
1751183407.63, -99.05, -130.21, 39.27, 25.65, -55.36, 15.89, 26.80, -52.90, 15.56
1751183407.66, -76.05, -122.89, 51.56, 24.43, -58.91, 16.76, 25.36, -56.54, 16.29
1751183407.69, -56.06, -93.50, 69.98, 23.52, -61.40, 18.07, 24.25, -59.49, 17.37
1751183407.72, -51.39, -96.03, 89.76, 22.64, -64.10, 19.81, 23.27, -62.28, 18.85
1751183407.74, -83.19, -156.76, 115.61, 20.02, -68.22, 22.18, 21.30, -65.88, 20.87
1751183407.77, -86.78, -93.92, 113.65, 14.62, -71.36, 24.27, 17.25, -69.20, 22.93
1751183407.80, -67.26, -90.93, 72.31, 12.63, -73.55, 25.08, 14.45, -71.84, 24.23
1751183407.82, -66.59, -107.59, 23.65, 9.11, -76.45, 24.50, 11.21, -74.63, 24.40
1751183407.85, -48.10, -50.24, -14.02, 3.63, -77.82, 22.90, 6.62, -76.56, 23.49
1751183407.88, -51.51, -88.27, 14.62, 2.12, -80.38, 22.15, 3.89, -78.88, 22.68
1751183407.91, -65.55, -158.06, 63.51, -6.94, -84.27, 22.73, -2.67, -82.15, 22.71
1751183407.93, -26.76, -98.43, 60.12, -15.57, -86.20, 23.16, -10.49, -84.60, 22.98
1751183407.96, -10.85, -42.67, 30.00, -22.88, -86.61, 22.72, -18.00, -85.82, 22.82
1751183407.99, -0.08, -17.76, -4.24, -29.40, -86.35, 21.34, -24.91, -86.14, 21.93
1751183408.01, 7.43, 0.87, -4.29, -35.73, -85.53, 20.02, -31.47, -85.77, 20.77
1751183408.04, 0.15, 15.08, 5.28, -41.88, -84.41, 19.00, -37.78, -84.95, 19.70
1751183408.07, 12.49, 28.98, 2.18, -47.65, -83.10, 17.94, -43.76, -83.83, 18.63
1751183408.10, 25.92, 39.07, -1.29, -52.76, -81.49, 16.82, -49.22, -82.41, 17.53
1751183408.12, 36.92, 56.06, -3.36, -57.25, -79.61, 15.69, -54.09, -80.71, 16.41
1751183408.15, 23.79, 59.65, -8.70, -59.88, -77.90, 14.45, -57.60, -79.01, 15.23
1751183408.18, 26.78, 53.53, -12.88, -62.61, -76.49, 13.16, -60.63, -77.48, 13.97
1751183408.21, 28.22, 53.28, -8.29, -64.48, -75.18, 12.05, -62.96, -76.09, 12.81
1751183408.23, 13.31, 49.83, 10.53, -66.40, -74.00, 11.50, -65.05, -74.82, 12.02
1751183408.26, 7.78, 41.82, 22.69, -67.43, -72.99, 11.33, -66.49, -73.71, 11.60
1751183408.29, 2.73, 35.11, 25.08, -68.62, -72.26, 11.18, -67.78, -72.83, 11.35
1751183408.32, 16.56, 90.44, 5.63, -70.00, -70.09, 10.51, -69.13, -71.17, 10.84
1751183408.34, 38.47, 178.71, -9.71, -69.87, -65.96, 9.44, -69.58, -68.01, 9.99
1751183408.37, 61.21, 215.40, -31.27, -67.63, -60.53, 7.84, -68.40, -63.48, 8.69
1751183408.40, 78.01, 127.06, 42.39, -61.28, -57.37, 8.33, -64.09, -59.78, 8.47
1751183408.42, -6.41, -4.86, 136.94, -60.31, -57.83, 11.34, -61.80, -58.60, 10.21
1751183408.45, -67.83, 10.40, 177.38, -61.63, -57.99, 15.27, -61.70, -58.23, 13.27
1751183408.48, -100.49, 65.48, 179.27, -63.99, -56.59, 18.98, -63.09, -57.24, 16.73
1751183408.51, -135.47, 62.72, 143.11, -67.52, -54.78, 21.48, -65.78, -55.75, 19.61
1751183408.53, -118.99, 20.02, 164.24, -70.58, -54.21, 24.38, -68.69, -54.82, 22.50
1751183408.56, -125.17, 32.70, 179.08, -74.28, -53.19, 27.48, -72.07, -53.83, 25.52
1751183408.59, -86.18, 26.51, 116.57, -76.98, -51.55, 28.68, -75.05, -52.45, 27.43
1751183408.62, -75.38, 32.41, 102.18, -78.82, -49.92, 29.48, -77.33, -50.91, 28.68
1751183408.64, -39.82, -24.90, 87.24, -79.74, -49.64, 29.68, -78.79, -50.14, 29.28
1751183408.67, -162.40, 106.91, 117.10, -86.52, -47.03, 30.64, -83.48, -48.26, 30.10
1751183408.70, -93.28, 6.59, 76.63, -89.08, -45.37, 30.41, -86.87, -46.51, 30.29
1751183408.72, -66.37, 34.76, 67.08, -89.44, -43.42, 29.89, -88.43, -44.64, 30.05
1751183408.75, -44.69, 66.66, 69.50, -89.80, -40.69, 29.44, -89.26, -42.24, 29.68
1751183408.78, -20.88, 90.11, -11.79, -90.34, -36.75, 26.77, -89.92, -38.91, 27.91
1751183408.80, -83.20, 14.39, -9.01, -92.34, -35.47, 24.30, -91.38, -36.83, 25.72
1751183408.83, -85.47, 33.01, -5.26, -94.73, -33.89, 22.04, -93.41, -35.05, 23.49
1751183408.86, -38.38, 21.32, -7.05, -95.64, -32.67, 19.84, -94.76, -33.61, 21.28
1751183408.89, -13.11, 16.66, -9.10, -95.70, -31.91, 17.69, -95.33, -32.58, 19.11
1751183408.92, -10.99, -10.89, -3.92, -95.79, -31.75, 15.62, -95.61, -32.08, 16.99
1751183408.94, -19.71, -6.95, 4.33, -96.12, -31.53, 14.03, -95.92, -31.74, 15.20
1751183408.97, 4.34, 0.15, 2.72, -95.77, -31.13, 12.47, -95.83, -31.37, 13.54
1751183409.00, 13.47, -5.27, 9.85, -94.91, -30.82, 11.18, -95.27, -31.04, 12.11
1751183409.03, 12.75, -0.25, 10.95, -94.35, -30.38, 9.98, -94.71, -30.64, 10.82
1751183409.05, 8.98, -9.68, 2.21, -93.60, -30.05, 8.61, -94.04, -30.28, 9.48
1751183409.08, 22.03, -0.85, -5.30, -92.76, -29.74, 7.09, -93.26, -29.96, 8.03
1751183409.11, 18.85, -5.16, -6.02, -92.05, -29.42, 5.64, -92.53, -29.63, 6.58
1751183409.13, 13.75, 13.57, -10.27, -91.49, -28.95, 4.15, -91.90, -29.22, 5.11
1751183409.17, 54.15, 12.55, 1.54, -90.21, -28.60, 3.07, -90.88, -28.84, 3.87
1751183409.19, 25.98, -9.76, -4.31, -89.18, -28.46, 1.73, -89.85, -28.61, 2.58
1751183409.22, 42.82, -15.20, -12.50, -87.50, -28.56, 0.41, -88.43, -28.58, 1.26
1751183409.25, 64.21, -15.70, -21.41, -85.74, -28.70, -1.08, -86.80, -28.65, -0.16
1751183409.28, 102.37, -20.63, -15.66, -82.70, -29.03, -2.33, -84.31, -28.88, -1.47
1751183409.30, 139.12, -42.82, -38.61, -78.55, -29.87, -4.21, -80.82, -29.48, -3.13
1751183409.33, 184.35, -74.62, -65.02, -73.35, -31.52, -6.60, -76.29, -30.72, -5.23
1751183409.36, 204.98, -72.20, -107.85, -68.75, -33.11, -10.00, -71.72, -32.17, -8.12
1751183409.38, 235.86, -50.47, -136.11, -62.67, -34.64, -13.94, -66.23, -33.67, -11.65
1751183409.41, 250.13, -92.21, -139.78, -55.31, -37.35, -17.78, -59.61, -35.90, -15.36
1751183409.44, 250.13, -30.04, -196.37, -49.18, -38.16, -22.88, -53.29, -37.27, -19.92
1751183409.47, 246.24, 30.15, -204.89, -41.70, -37.33, -27.87, -46.27, -37.31, -24.74
1751183409.49, 173.76, -35.07, -176.63, -35.48, -38.70, -31.74, -39.73, -38.15, -28.98
1751183409.52, 192.89, 31.60, -233.32, -28.89, -38.41, -36.91, -33.16, -38.31, -33.78
1751183409.55, 223.64, 99.35, -210.87, -20.93, -36.46, -41.15, -25.75, -37.19, -38.25
1751183409.57, 200.40, 95.13, -160.76, -13.66, -34.08, -43.70, -18.42, -35.31, -41.55
1751183409.60, 120.97, 11.36, -98.78, -8.27, -33.80, -44.36, -12.27, -34.39, -43.26
1751183409.63, 17.66, -61.20, -73.15, -6.52, -35.53, -44.25, -8.78, -35.08, -43.86
1751183409.66, 91.76, -57.22, -111.62, -1.34, -37.64, -45.11, -4.27, -36.63, -44.61
1751183409.68, 87.37, -35.79, -122.15, 3.04, -38.78, -46.15, 0.16, -37.94, -45.55
1751183409.71, 64.95, -84.96, -104.27, 6.69, -40.80, -46.59, 4.12, -39.67, -46.18
1751183409.74, 125.92, -93.37, -165.07, 13.13, -43.35, -48.63, 9.58, -41.90, -47.66
1751183409.76, 154.76, 29.71, -187.90, 20.21, -42.36, -51.09, 16.02, -42.18, -49.74
1751183409.79, 144.82, -3.26, -146.08, 26.58, -41.63, -52.19, 22.42, -41.84, -51.23
1751183409.82, 111.50, 32.94, -169.87, 32.60, -39.81, -54.08, 28.59, -40.61, -52.96
1751183409.85, 129.92, 94.53, -158.28, 38.76, -36.49, -55.20, 34.75, -38.11, -54.32
1751183409.87, 127.82, 91.44, -103.73, 44.08, -33.19, -54.72, 40.40, -35.13, -54.56
1751183409.90, 45.89, 9.92, -65.62, 47.09, -31.74, -53.15, 44.45, -33.07, -53.70
1751183409.93, 32.73, 11.41, -43.25, 50.65, -30.07, -50.99, 48.21, -31.26, -52.06
1751183409.96, 58.39, 57.32, -60.45, 54.39, -27.31, -49.43, 51.95, -28.86, -50.47
1751183409.99, 50.71, -13.32, -15.94, 57.68, -26.66, -46.61, 55.42, -27.53, -48.13
1751183410.02, 12.68, -40.65, 17.07, 60.09, -26.56, -42.97, 58.25, -26.94, -45.00
1751183410.04, 12.70, 38.53, -3.18, 62.55, -24.32, -40.05, 60.86, -25.36, -42.00
1751183410.07, -14.24, 14.00, 6.89, 63.70, -23.02, -36.98, 62.58, -23.94, -38.96
1751183410.10, -20.94, 3.34, 23.47, 64.94, -22.14, -33.60, 64.01, -22.85, -35.71
1751183410.12, -12.44, 14.85, 24.50, 66.17, -20.86, -30.34, 65.32, -21.65, -32.46
1751183410.15, -1.10, 22.05, 7.32, 67.57, -19.47, -27.71, 66.68, -20.33, -29.58
1751183410.18, 6.65, 11.71, 4.37, 68.98, -18.48, -25.28, 68.07, -19.21, -26.98
1751183410.21, 5.11, -10.76, 23.90, 70.31, -18.23, -22.42, 69.43, -18.62, -24.22
1751183410.23, -1.27, -63.76, 46.86, 71.17, -19.24, -19.08, 70.48, -18.99, -21.11
1751183410.26, -46.96, -108.34, 85.23, 70.87, -21.62, -14.88, 70.72, -20.59, -17.33
1751183410.29, -81.91, -123.13, 127.07, 69.77, -24.35, -9.77, 70.14, -22.87, -12.75
1751183410.31, -103.82, -118.24, 119.44, 67.94, -27.28, -5.15, 68.81, -25.54, -8.14
1751183410.34, -133.11, -128.89, 164.17, 65.08, -30.37, 0.49, 66.55, -28.47, -2.91
1751183410.37, -113.18, -156.25, 188.77, 64.71, -34.01, 6.39, 65.44, -31.82, 2.73
1751183410.40, -67.39, 0.69, 107.34, 64.64, -33.64, 9.74, 64.95, -32.93, 6.98
1751183410.42, -14.72, 50.63, 67.93, 65.19, -32.17, 11.81, 65.09, -32.47, 9.91
1751183410.45, -124.65, 0.30, 126.74, 62.54, -32.23, 15.33, 63.55, -32.32, 13.19
1751183410.48, -103.14, -22.30, 221.13, 60.70, -34.10, 21.19, 61.82, -33.40, 18.04
1751183410.51, -170.71, -42.92, 234.66, 56.86, -35.68, 27.42, 58.82, -34.78, 23.72
1751183410.54, -180.50, 43.37, 91.69, 53.05, -35.20, 29.01, 55.32, -35.03, 26.92
1751183410.56, -191.15, -27.37, 146.19, 47.50, -37.29, 32.64, 50.58, -36.40, 30.39
1751183410.59, -223.96, -14.91, 238.56, 43.82, -39.51, 37.82, 46.48, -38.29, 34.89
1751183410.62, -181.59, -29.20, 211.14, 38.21, -41.65, 41.92, 41.47, -40.32, 39.15
1751183410.65, -165.93, -31.69, 244.24, 32.05, -43.47, 46.99, 35.76, -42.23, 43.90
1751183410.68, -203.69, -77.94, 250.13, 25.59, -46.32, 51.85, 29.60, -44.71, 48.72
1751183410.70, -210.97, -51.83, 250.13, 17.03, -49.31, 55.93, 21.98, -47.50, 53.09
1751183410.73, -201.23, -18.81, 250.13, 6.89, -49.89, 59.75, 12.83, -48.94, 57.12
1751183410.76, -144.73, 74.40, 250.13, -1.32, -47.12, 63.25, 4.25, -47.84, 60.83
1751183410.78, -99.69, 198.76, 250.13, -8.56, -40.98, 66.45, -3.51, -43.68, 64.24
1751183410.81, -98.82, 88.62, 250.13, -14.40, -36.43, 69.40, -10.11, -39.28, 67.37
1751183410.84, -48.17, -21.10, 109.57, -19.44, -35.09, 68.45, -15.77, -36.74, 68.03
1751183410.87, -11.79, 51.38, 40.94, -23.59, -32.03, 65.46, -20.51, -33.89, 66.47
1751183410.90, 39.55, -4.33, 13.59, -28.19, -30.88, 61.77, -25.16, -32.06, 63.62
1751183410.92, 70.97, 10.13, 18.89, -29.09, -30.15, 58.36, -27.54, -30.91, 60.43
1751183410.95, 53.72, -16.10, 10.87, -30.71, -29.49, 54.87, -29.46, -30.04, 57.06
1751183410.98, 2.38, -62.02, 24.13, -33.20, -29.51, 51.87, -31.73, -29.72, 53.92
1751183411.01, 16.53, -21.50, 0.78, -36.29, -29.32, 48.34, -34.49, -29.48, 50.53
1751183411.03, 57.89, 13.09, 0.30, -38.07, -27.63, 44.88, -36.66, -28.36, 47.11
1751183411.06, 21.84, 2.98, 11.21, -40.28, -26.21, 41.92, -38.85, -27.05, 43.96
1751183411.09, 13.66, -38.23, 11.21, -42.03, -25.76, 39.08, -40.78, -26.27, 41.00
1751183411.12, 6.39, -1.44, -27.42, -43.91, -24.51, 35.31, -42.68, -25.20, 37.55
1751183411.14, -17.05, 27.89, -37.94, -46.30, -22.63, 31.41, -44.88, -23.64, 33.83
1751183411.18, -23.05, -15.65, -14.64, -49.07, -22.04, 28.35, -47.42, -22.67, 30.51
1751183411.20, -36.85, -23.07, -3.30, -52.71, -21.75, 25.54, -50.63, -22.11, 27.50
1751183411.23, 1.17, -19.21, -28.03, -54.91, -21.26, 22.40, -53.22, -21.60, 24.41
1751183411.26, 20.87, -12.23, -48.46, -56.38, -20.64, 18.80, -55.14, -21.02, 21.01
1751183411.29, 46.58, -23.05, -95.57, -57.02, -20.44, 13.85, -56.28, -20.67, 16.67
1751183411.32, 54.24, -24.88, -117.76, -57.32, -20.66, 8.50, -56.91, -20.67, 11.72
1751183411.35, 69.63, -39.01, -144.62, -57.28, -21.43, 2.81, -57.14, -21.13, 6.32
1751183411.38, 119.05, -66.47, -182.37, -55.70, -23.18, -3.98, -56.26, -22.37, 0.08
1751183411.40, 164.60, -47.07, -220.12, -52.88, -24.49, -10.70, -54.21, -23.65, -6.45
1751183411.43, 162.98, 18.41, -250.14, -50.42, -24.41, -17.82, -51.91, -24.11, -13.34
1751183411.46, 173.02, 15.93, -236.21, -46.72, -24.85, -24.10, -48.77, -24.56, -19.86
1751183411.49, 180.13, 5.95, -207.45, -42.66, -25.68, -29.21, -45.06, -25.24, -25.53
1751183411.52, 169.46, -11.12, -184.99, -37.68, -27.07, -33.69, -40.59, -26.35, -30.47
1751183411.54, 86.82, -62.72, -150.24, -35.28, -29.63, -37.17, -37.37, -28.33, -34.53
1751183411.57, 5.27, -154.40, -68.89, -34.64, -34.93, -37.57, -35.72, -32.33, -36.37
1751183411.60, -27.52, -210.80, -21.36, -34.84, -42.64, -36.61, -35.19, -38.58, -36.52
1751183411.63, -61.18, -113.47, -38.77, -36.70, -47.26, -36.14, -36.10, -43.84, -36.29
1751183411.65, -87.98, -84.05, -7.92, -39.47, -50.42, -34.82, -38.14, -47.83, -35.40
1751183411.68, -133.28, -152.00, 17.79, -38.49, -56.20, -32.83, -38.35, -52.90, -33.84
1751183411.71, -84.65, -150.85, 13.88, -41.23, -60.79, -31.03, -40.10, -57.68, -32.14
1751183411.73, -56.27, -152.34, 4.28, -42.89, -65.47, -29.55, -41.79, -62.40, -30.57
1751183411.76, -80.75, -214.93, 21.26, -45.13, -71.62, -27.67, -43.81, -67.99, -28.81
1751183411.79, -70.42, -240.44, 66.45, -52.76, -78.15, -24.62, -49.23, -74.15, -26.27
1751183411.82, -46.89, -182.37, 83.65, -59.53, -82.06, -21.27, -55.48, -78.94, -23.24
1751183411.84, -26.94, -77.66, 62.73, -65.80, -83.22, -18.65, -61.73, -81.53, -20.46
1751183411.87, -22.11, -50.72, 60.33, -71.04, -83.60, -16.23, -67.37, -82.78, -17.90
1751183411.90, -16.60, -65.65, 59.63, -76.69, -83.83, -13.95, -73.02, -83.42, -15.50
1751183411.92, 20.97, -9.17, 25.15, -80.92, -82.30, -12.72, -77.80, -82.74, -13.82
1751183411.95, 33.26, 37.66, -15.53, -84.54, -80.01, -12.65, -81.89, -81.09, -13.11
1751183411.98, 16.01, 19.53, -13.63, -88.22, -78.43, -12.52, -85.73, -79.48, -12.75
1751183412.01, 15.64, 8.61, -2.82, -92.01, -77.09, -12.09, -89.53, -78.03, -12.35
1751183412.03, 37.71, 30.05, -2.81, -95.15, -75.17, -11.66, -92.93, -76.30, -11.93
1751183412.06, 32.18, 45.37, 0.40, -97.47, -73.24, -11.17, -95.68, -74.45, -11.47
1751183412.09, -10.51, -3.08, 22.73, -100.32, -72.68, -10.07, -98.49, -73.38, -10.62
1751183412.12, -3.05, 9.58, 23.25, -103.71, -71.51, -9.01, -101.65, -72.24, -9.65
1751183412.14, 10.28, 37.11, 8.17, -106.28, -69.84, -8.41, -104.46, -70.78, -8.90
1751183412.17, 9.93, 46.70, 23.32, -108.17, -68.21, -7.43, -106.71, -69.22, -8.01
1751183412.20, 10.39, 17.95, 19.67, -110.18, -67.26, -6.59, -108.81, -68.03, -7.15
1751183412.23, 23.93, 25.82, 9.80, -111.36, -66.21, -6.05, -110.36, -66.92, -6.48
1751183412.25, 20.73, 36.32, 3.39, -112.30, -64.93, -5.71, -111.54, -65.72, -6.02
1751183412.28, 31.27, 69.43, -13.96, -113.42, -62.82, -5.86, -112.68, -63.96, -5.92
1751183412.31, 36.02, 82.08, -14.95, -113.69, -60.75, -6.02, -113.29, -62.02, -5.98
1751183412.33, 62.98, 94.83, -12.77, -113.16, -58.48, -6.10, -113.21, -59.88, -6.06
1751183412.36, 35.56, 124.80, -26.84, -112.61, -55.40, -6.56, -112.85, -57.16, -6.36
1751183412.39, 28.40, 122.33, -16.30, -110.53, -52.89, -6.69, -111.44, -54.57, -6.56
1751183412.42, 38.63, 121.58, -28.66, -108.83, -50.42, -7.13, -109.86, -52.06, -6.91
1751183412.44, 30.27, 99.27, -32.48, -105.80, -48.57, -7.65, -107.40, -49.94, -7.36
1751183412.47, 48.22, 91.07, 9.93, -103.54, -47.02, -6.98, -105.06, -48.17, -7.13
1751183412.50, 58.69, 118.32, -17.21, -101.12, -44.94, -7.07, -102.67, -46.21, -7.09
1751183412.52, 112.51, 157.78, -27.30, -98.74, -42.10, -7.43, -100.29, -43.72, -7.30
1751183412.55, 183.67, 220.63, -121.04, -93.30, -36.14, -10.29, -96.05, -39.13, -9.11
1751183412.58, 195.72, 250.13, -175.40, -85.50, -31.45, -14.45, -89.65, -34.47, -12.35
1751183412.61, 212.22, 250.13, -155.03, -75.32, -25.71, -17.80, -80.97, -29.16, -15.65
1751183412.63, 88.71, 120.50, -27.14, -68.95, -23.03, -17.47, -73.68, -25.45, -16.75
1751183412.66, 54.38, 89.55, -14.57, -64.21, -21.15, -16.78, -67.94, -22.85, -16.77
1751183412.69, 34.41, 66.46, -0.55, -59.95, -20.60, -15.74, -63.10, -21.48, -16.15
1751183412.72, 18.64, -26.50, 44.87, -55.91, -22.15, -13.50, -58.74, -21.89, -14.54
1751183412.75, -22.02, -29.67, 47.47, -53.68, -24.08, -10.94, -55.68, -23.22, -12.36
1751183412.78, -51.56, 70.02, -4.14, -51.75, -23.23, -10.28, -53.30, -23.22, -11.10
1751183412.80, -24.26, 60.16, -16.95, -49.49, -22.06, -9.98, -50.99, -22.52, -10.42
1751183412.83, -1.42, 56.34, 22.00, -46.49, -21.52, -8.64, -48.27, -21.91, -9.34
1751183412.86, -17.30, 92.63, 21.69, -44.47, -19.35, -7.37, -45.97, -20.36, -8.15
1751183412.89, -10.01, 93.40, 13.95, -41.23, -17.51, -6.37, -43.10, -18.63, -7.07
1751183412.92, -13.40, 77.85, 33.98, -39.04, -15.80, -4.71, -40.64, -16.92, -5.64
1751183412.94, -69.44, 177.58, -28.08, -38.69, -11.11, -5.00, -39.46, -13.40, -5.25
1751183412.97, -130.95, 250.13, -36.67, -40.09, -5.08, -5.50, -39.84, -8.36, -5.40
1751183413.00, -102.37, 234.67, -68.63, -40.41, 1.18, -6.91, -40.19, -2.58, -6.32
1751183413.03, -8.01, 100.65, -9.21, -37.67, 2.64, -6.54, -38.66, 0.59, -6.45
1751183413.06, 21.56, 52.92, 23.53, -34.79, 3.88, -5.23, -36.31, 2.58, -5.71
1751183413.08, 75.24, -37.11, 55.17, -30.39, 2.29, -3.04, -32.72, 2.41, -4.09
1751183413.11, 86.87, -33.41, 29.89, -26.63, 0.88, -1.82, -29.03, 1.48, -2.71
1751183413.14, 54.63, 41.25, -8.66, -23.58, 1.69, -1.71, -25.73, 1.61, -2.10
1751183413.16, 34.34, 55.45, -37.34, -21.05, 2.95, -2.38, -22.89, 2.42, -2.27
1751183413.19, -16.92, -4.04, -37.44, -20.04, 2.36, -3.01, -21.16, 2.38, -2.72
1751183413.22, 4.47, 10.24, -32.21, -18.48, 1.99, -3.46, -19.53, 2.14, -3.16
1751183413.25, 2.77, -36.62, -15.47, -16.80, 0.64, -3.42, -17.88, 1.23, -3.32
1751183413.28, 3.92, 3.65, -27.45, -15.44, 0.27, -3.71, -16.40, 0.65, -3.55
1751183413.30, -3.17, 1.44, -19.86, -14.01, -0.22, -3.79, -14.95, 0.12, -3.70
1751183413.33, -0.04, -1.50, 0.77, -12.46, -0.75, -3.26, -13.44, -0.40, -3.43
1751183413.36, 0.88, -6.68, 0.49, -11.06, -1.28, -2.76, -12.00, -0.93, -3.02
1751183413.39, -1.95, 2.24, 0.20, -9.79, -1.50, -2.31, -10.66, -1.28, -2.59
1751183413.42, -1.18, 0.81, 0.30, -8.61, -1.78, -1.89, -9.42, -1.58, -2.17
1751183413.44, -0.81, -1.85, 0.24, -7.46, -2.12, -1.49, -8.23, -1.91, -1.76
1751183413.47, -0.80, -0.08, 0.21, -6.33, -2.38, -1.11, -7.08, -2.19, -1.37
1751183413.50, -0.85, -0.65, 0.31, -5.32, -2.63, -0.76, -6.01, -2.46, -1.00
1751183413.53, -0.92, 0.05, 0.31, -4.33, -2.85, -0.42, -4.99, -2.69, -0.65
1751183413.55, -0.89, -0.22, 0.17, -3.40, -3.06, -0.11, -4.03, -2.91, -0.32
1751183413.58, -1.02, 0.03, 0.16, -2.46, -3.29, 0.22, -3.08, -3.14, 0.01
1751183413.61, -0.77, -0.21, 0.29, -1.61, -3.46, 0.49, -2.19, -3.33, 0.30
1751183413.64, -0.68, -0.37, 0.39, -0.84, -3.63, 0.75, -1.37, -3.51, 0.58
1751183413.67, -0.82, -0.15, 0.21, -0.09, -3.79, 0.99, -0.59, -3.68, 0.83
1751183413.69, -0.92, -0.38, 0.25, 0.62, -3.92, 1.22, 0.14, -3.83, 1.06
1751183413.72, -0.80, -0.37, 0.17, 1.28, -4.07, 1.42, 0.83, -3.97, 1.28
1751183413.75, -0.70, -0.19, 0.29, 2.00, -4.23, 1.67, 1.54, -4.13, 1.52
1751183413.78, -0.96, -0.17, 0.22, 2.57, -4.33, 1.84, 2.17, -4.25, 1.71
1751183413.81, -0.95, 1.92, 0.41, 3.10, -4.37, 2.01, 2.73, -4.33, 1.89
1751183413.83, -1.02, -0.11, 0.27, 3.63, -4.46, 2.16, 3.28, -4.40, 2.06
1751183413.86, -0.99, -0.49, 0.12, 4.14, -4.55, 2.32, 3.80, -4.50, 2.22
1751183413.89, -0.84, -0.21, 0.27, 4.56, -4.64, 2.45, 4.26, -4.59, 2.36
1751183413.92, -0.95, -0.28, 0.11, 4.98, -4.73, 2.56, 4.70, -4.67, 2.48
1751183413.95, -0.64, -0.43, 0.25, 5.51, -4.89, 2.73, 5.19, -4.80, 2.63
1751183413.98, -0.82, -0.29, 0.08, 5.87, -4.95, 2.81, 5.60, -4.90, 2.74
1751183414.01, -0.96, -0.31, 0.27, 6.19, -5.00, 2.89, 5.96, -4.96, 2.83
1751183414.03, -0.77, -0.15, 0.34, 6.48, -5.02, 2.97, 6.28, -5.00, 2.91
1751183414.06, -0.91, -0.25, 0.18, 6.76, -5.05, 3.03, 6.57, -5.03, 2.98
1751183414.09, -0.92, -0.16, 0.24, 7.02, -5.09, 3.08, 6.84, -5.07, 3.04
1751183414.12, -0.85, -0.25, 0.15, 7.28, -5.08, 3.14, 7.11, -5.07, 3.10
1751183414.14, -0.84, -0.30, 0.15, 7.49, -5.08, 3.18, 7.34, -5.08, 3.15
1751183414.17, -0.98, -0.04, 0.31, 7.66, -5.09, 3.22, 7.53, -5.09, 3.19
1751183414.20, -0.76, -0.04, 0.34, 7.89, -5.08, 3.25, 7.75, -5.08, 3.22
1751183414.23, -0.97, -0.30, 0.29, 8.03, -5.08, 3.27, 7.92, -5.08, 3.25
1751183414.25, -0.87, -0.23, 0.40, 8.14, -5.04, 3.29, 8.06, -5.06, 3.27
1751183414.28, -0.96, -0.18, 0.35, 8.25, -5.03, 3.30, 8.17, -5.04, 3.29
1751183414.31, -1.04, -0.17, 0.28, 8.34, -5.03, 3.30, 8.28, -5.04, 3.30
1751183414.33, -0.87, -0.22, 0.42, 8.43, -5.04, 3.31, 8.37, -5.04, 3.30
1751183414.36, -0.76, -0.11, 0.31, 8.51, -5.01, 3.31, 8.46, -5.02, 3.31
1751183414.39, -0.96, -0.27, 0.31, 8.55, -4.99, 3.30, 8.52, -5.00, 3.30
1751183414.42, -0.87, -0.10, 0.35, 8.60, -4.98, 3.29, 8.57, -4.99, 3.30
1751183414.45, -0.88, -0.34, 0.15, 8.64, -4.95, 3.27, 8.61, -4.96, 3.28
1751183414.47, -0.85, -0.21, 0.27, 8.70, -4.93, 3.27, 8.66, -4.95, 3.27
1751183414.50, -0.95, -0.40, 0.32, 8.75, -4.94, 3.25, 8.72, -4.94, 3.26
1751183414.53, -0.84, -0.44, 0.10, 8.75, -4.91, 3.22, 8.74, -4.93, 3.23
1751183414.55, -0.76, -0.23, 0.15, 8.72, -4.87, 3.18, 8.73, -4.89, 3.20
1751183414.58, -0.86, -0.69, 0.34, 8.71, -4.84, 3.15, 8.72, -4.86, 3.17
1751183414.61, -1.06, -0.07, 0.32, 8.79, -4.78, 3.14, 8.76, -4.81, 3.15
1751183414.64, -3.07, -1.06, 0.37, 8.69, -4.72, 3.10, 8.72, -4.76, 3.12
1751183414.67, -0.61, -2.62, 0.38, 8.64, -4.69, 3.07, 8.67, -4.72, 3.09
1751183414.69, -0.37, -1.45, 0.31, 8.63, -4.67, 3.02, 8.65, -4.69, 3.05
1751183414.72, -1.27, -0.11, 0.27, 8.63, -4.60, 2.99, 8.64, -4.63, 3.01
1751183414.75, -1.64, 0.80, 0.24, 8.56, -4.51, 2.94, 8.59, -4.56, 2.97
1751183414.78, -1.24, 0.26, 0.45, 8.53, -4.47, 2.91, 8.55, -4.50, 2.93
