0.000, -2.68, -0.07, 0.00, -2.60, -0.06, 0.00, -0.01, -0.00, 0.00
0.028, -0.27, -0.00, 1.43, -1.25, -0.24, 1.43, -1.02, -0.19, 1.16
0.055, 0.70, 0.03, 1.39, -0.59, -0.14, 1.39, -0.67, -0.15, 1.34
0.083, 1.19, 0.03, 359.74, -0.28, 0.34, 107.59, -0.36, 0.25, 87.02
0.110, -2.79, -0.09, 359.67, -0.96, 0.18, 186.83, -0.84, 0.19, 167.46
0.137, -0.24, -0.01, 1.32, -0.40, -0.27, 152.52, -0.48, -0.18, 155.42
0.164, 0.50, 0.04, 1.81, -0.02, -0.36, 120.44, -0.11, -0.32, 127.22
0.192, 3.27, 0.09, 359.92, 0.60, 0.40, 188.85, 0.46, 0.26, 176.94
0.219, -3.56, -0.09, 358.88, -0.59, 0.43, 245.49, -0.39, 0.40, 232.19
0.246, -1.98, -0.05, 0.63, -0.61, -0.16, 197.56, -0.57, -0.05, 204.28
0.274, 1.90, 0.04, 1.45, 0.20, -0.46, 156.33, 0.05, -0.38, 165.64
0.301, 1.40, 0.05, 0.43, 0.42, 0.03, 120.42, 0.35, -0.05, 129.19
0.328, -2.04, -0.04, 359.86, -0.27, 0.14, 177.47, -0.15, 0.10, 168.11
0.356, -0.99, -0.04, 0.66, -0.22, -0.17, 142.46, -0.21, -0.12, 147.44
0.383, 0.70, 0.04, 1.10, 0.14, -0.30, 113.27, 0.07, -0.26, 119.89
0.410, 2.49, 0.05, 0.59, 0.49, -0.02, 88.23, 0.41, -0.06, 94.37
0.438, -1.86, -0.07, 0.44, 0.00, 0.03, 67.76, 0.08, 0.02, 72.92
0.465, 0.07, -0.01, 1.03, 0.10, -0.12, 51.45, 0.10, -0.10, 55.62
0.492, 0.69, 0.03, 0.28, 0.26, 0.16, 36.64, 0.23, 0.11, 40.32
0.519, -2.22, -0.04, 0.48, -0.15, 0.13, 25.07, -0.07, 0.13, 28.03
0.547, 1.00, 0.04, 0.09, 0.07, 0.14, 14.84, 0.04, 0.13, 17.40
0.574, -1.81, -0.04, 0.84, -0.20, -0.00, 7.32, -0.15, 0.03, 9.28
0.601, 1.64, 0.02, 0.66, 0.06, -0.07, 0.14, 0.02, -0.06, 1.91
0.629, -0.45, -0.02, 0.91, 0.04, -0.02, -5.53, 0.04, -0.02, -4.09
0.656, 1.51, 0.04, 0.25, 0.25, 0.12, -11.17, 0.21, 0.09, -9.80
0.683, -0.86, -0.01, 359.76, -0.07, 0.21, 36.28, -0.01, 0.18, 27.34
0.711, -0.18, -0.03, 359.89, -0.02, 0.06, 78.62, -0.02, 0.08, 68.67
0.738, -1.33, -0.03, 0.35, -0.04, -0.10, 67.36, -0.04, -0.07, 67.62
0.765, -0.55, -0.00, 0.85, 0.07, -0.23, 57.52, 0.05, -0.20, 59.48
0.792, 0.84, 0.02, 0.61, 0.15, -0.13, 48.12, 0.13, -0.15, 50.33
0.820, 0.12, 0.02, 359.71, 0.13, 0.10, 83.97, 0.13, 0.05, 77.45
0.847, -1.71, -0.04, 0.19, 0.06, -0.13, 73.68, 0.08, -0.09, 74.41
0.874, 1.38, 0.02, 0.34, 0.19, 0.01, 64.18, 0.17, -0.01, 66.17
0.901, -0.35, -0.01, 359.26, -0.05, 0.24, 95.89, -0.00, 0.19, 90.13
0.929, -2.86, -0.09, 0.34, -0.22, -0.09, 86.13, -0.18, -0.04, 86.90
0.956, 1.08, 0.02, 1.65, 0.13, -0.42, 77.64, 0.07, -0.35, 79.44
0.983, 1.83, 0.03, 0.91, 0.09, -0.15, 68.01, 0.09, -0.19, 70.23
1.011, -0.04, -0.00, 0.08, -0.04, 0.17, 59.11, -0.02, 0.10, 61.27
1.038, -0.87, -0.03, 0.25, -0.10, 0.08, 51.95, -0.08, 0.08, 53.77
1.065, 0.07, -0.02, 1.16, 0.02, -0.16, 46.19, 0.00, -0.11, 47.65
1.093, 0.30, 0.02, 1.07, 0.09, -0.12, 40.02, 0.07, -0.12, 41.50
1.120, 0.08, 0.00, 0.43, 0.01, 0.10, 33.83, 0.02, 0.06, 35.32
1.147, -1.11, -0.01, 0.58, -0.04, 0.10, 28.89, -0.03, 0.09, 30.13
1.174, -1.69, -0.02, 1.17, -0.08, -0.06, 24.84, -0.07, -0.03, 25.86
1.202, 1.48, 0.03, 1.41, 0.09, -0.19, 20.83, 0.06, -0.16, 21.81
1.229, -0.20, 0.01, 0.91, -0.04, 0.09, 16.43, -0.02, 0.05, 17.47
1.256, -1.96, -0.01, 0.31, -0.35, 0.22, 12.26, -0.29, 0.19, 13.27
1.284, -0.90, -0.03, 1.03, -0.27, -0.01, 9.71, -0.27, 0.03, 10.40
1.311, -0.01, 0.02, 1.33, -0.07, -0.11, 7.00, -0.11, -0.08, 7.66
1.338, 0.80, 0.03, 0.79, -0.23, 0.18, 3.70, -0.21, 0.13, 4.47
1.365, -1.41, -0.04, 0.61, -0.54, 0.27, 0.97, -0.48, 0.24, 1.65
1.393, -1.02, -0.03, 1.06, -0.53, 0.07, -0.91, -0.52, 0.10, -0.41
1.420, 0.82, 0.02, 1.49, -0.28, -0.07, -2.63, -0.33, -0.04, -2.20
1.448, 0.23, 0.01, 1.65, -0.33, -0.07, -4.46, -0.33, -0.07, -4.03
1.475, 0.30, 0.01, 0.97, -0.43, 0.11, -6.96, -0.41, 0.08, -6.39
1.502, 0.24, -0.03, 0.90, -0.43, 0.08, -8.70, -0.42, 0.08, -8.25
1.529, -0.70, -0.00, 0.95, -0.39, 0.07, -10.18, -0.40, 0.07, -9.80
1.557, 0.47, -0.01, 1.17, -0.32, 0.11, -11.37, -0.33, 0.10, -11.07
1.584, -1.16, -0.00, 0.64, -0.48, 0.32, -13.19, -0.45, 0.28, -12.78
1.611, -1.42, -0.03, 1.35, -0.52, 0.22, -13.67, -0.51, 0.23, -13.50
1.638, -1.15, -0.02, 1.55, -0.67, -0.03, -14.56, -0.64, 0.02, -14.36
1.666, 1.24, 0.01, 1.81, -0.47, -0.15, -15.29, -0.50, -0.12, -15.11
1.693, 0.47, 0.02, 1.49, -0.54, 0.01, -16.53, -0.53, -0.01, -16.25
1.720, -0.97, -0.03, 1.03, -0.64, 0.09, -17.83, -0.62, 0.07, -17.52
1.748, -1.45, -0.02, 1.44, -0.60, 0.07, -18.18, -0.60, 0.07, -18.05
1.775, -0.75, -0.00, 1.64, -0.53, -0.15, -18.66, -0.55, -0.11, -18.54
1.802, 1.05, 0.03, 1.85, -0.37, -0.19, -19.08, -0.40, -0.18, -18.98
1.829, -0.24, -0.02, 2.07, -0.35, -0.16, -19.44, -0.36, -0.17, -19.35
1.857, -0.42, -0.00, 2.11, -0.30, -0.08, -19.92, -0.31, -0.10, -19.81
1.884, -0.09, 0.02, 1.51, -0.28, -0.01, -20.99, -0.29, -0.02, -20.76
1.911, -0.77, 0.01, 0.88, -0.40, 0.13, -22.04, -0.38, 0.10, -21.79
1.938, -1.64, -0.03, 1.07, -0.52, 0.05, -22.22, -0.49, 0.06, -22.14
1.966, -0.34, -0.03, 2.17, -0.39, -0.15, -21.45, -0.41, -0.11, -21.58
1.993, 1.28, 0.02, 2.33, -0.21, -0.21, -21.58, -0.25, -0.19, -21.58
2.020, 0.74, 0.04, 1.53, -0.29, 0.17, -22.63, -0.28, 0.10, -22.43
2.048, -0.96, -0.02, 1.09, -0.41, 0.27, -23.30, -0.39, 0.24, -23.13
2.075, -1.41, -0.03, 1.68, -0.43, 0.18, -22.90, -0.42, 0.19, -22.94
2.102, -0.04, -0.02, 1.92, -0.26, -0.13, -22.81, -0.29, -0.07, -22.84
2.129, 0.25, 0.01, 2.36, -0.13, -0.14, -22.50, -0.16, -0.13, -22.57
2.157, 0.19, 0.01, 1.78, -0.19, 0.03, -23.18, -0.18, 0.00, -23.06
2.184, -0.13, -0.00, 1.07, -0.40, 0.27, -23.97, -0.36, 0.22, -23.79
2.211, -0.50, -0.03, 0.79, -0.46, 0.19, -24.31, -0.44, 0.19, -24.21
2.238, -0.37, -0.05, 2.26, -0.12, -0.24, -22.87, -0.18, -0.15, -23.13
2.266, 1.39, 0.03, 2.43, 0.09, -0.30, -22.71, 0.04, -0.27, -22.79
2.293, -0.42, 0.01, 1.73, -0.11, 0.14, -23.41, -0.08, 0.06, -23.29
2.320, -2.60, -0.02, 0.73, -0.51, 0.63, -24.38, -0.43, 0.52, -24.17
2.347, -2.15, -0.06, 1.77, -0.30, 0.32, -23.29, -0.33, 0.36, -23.46
2.375, 0.02, 0.03, 1.90, -0.16, 0.13, -23.10, -0.19, 0.18, -23.17
2.402, 0.70, 0.00, 1.87, -0.11, 0.16, -23.06, -0.13, 0.16, -23.08
2.429, 0.00, 0.01, 1.42, -0.23, 0.25, -23.42, -0.21, 0.23, -23.36
2.457, -0.39, -0.03, 1.34, -0.28, 0.23, -23.40, -0.27, 0.23, -23.39
2.484, 0.72, -0.01, 1.93, -0.07, 0.02, -22.69, -0.11, 0.06, -22.83
2.511, -0.19, 0.03, 2.54, 0.03, -0.23, -21.95, 0.00, -0.17, -22.12
2.538, 0.40, 0.05, 0.94, -0.25, 0.25, -23.42, -0.20, 0.17, -23.17
2.566, 271.84, 0.04, 4.80, 9.73, -3.08, -19.41, 7.80, -2.45, -20.14
2.593, 5.00, 0.39, 5.97, 10.95, -3.97, -18.08, 10.34, -3.68, -18.48
2.620, -21.66, -0.08, 8.77, 9.12, -5.14, -15.12, 9.36, -4.85, -15.77
2.648, 25.40, 0.16, 9.22, 9.73, -2.28, -14.49, 9.66, -2.78, -14.74
2.675, 12.59, -0.34, 2.40, 6.26, 4.29, -21.12, 6.92, 2.91, -19.88
2.702, 10.53, 0.02, 358.63, 13.22, 9.68, -5.25, 12.00, 8.37, -8.09
2.729, -28.97, 0.16, 357.28, 17.67, 11.42, 12.24, 16.57, 10.83, 8.30
2.757, 297.09, -0.30, 357.32, 39.29, 13.41, 30.37, 34.85, 12.91, 26.07
2.784, 29.18, 0.20, 357.44, 44.29, 13.50, 47.86, 42.46, 13.38, 43.65
2.811, 23.01, -0.37, 359.29, 50.07, 15.96, 66.39, 48.59, 15.46, 61.98
2.839, 30.97, 0.03, 0.83, 55.94, 18.70, 64.83, 54.51, 18.08, 64.28
2.866, 11.24, -0.47, 1.15, 60.44, 20.60, 62.16, 59.29, 20.11, 62.57
2.893, 146.11, -0.67, 358.78, 71.78, 24.48, 75.92, 69.36, 23.63, 73.33
2.920, 111.22, 0.30, 358.63, 79.46, 27.50, 91.26, 77.50, 26.75, 87.78
2.948, 116.52, -0.04, 359.11, 86.01, 29.10, 106.62, 84.36, 28.64, 102.96
2.975, 114.76, 0.18, 357.97, 91.24, 30.77, 119.76, 89.91, 30.36, 116.50
3.002, 116.64, 0.12, 357.15, 96.20, 30.31, 132.66, 94.98, 30.32, 129.52
3.030, 94.49, -0.25, 357.63, 100.97, 31.71, 146.32, 99.81, 31.44, 143.07
3.057, 128.60, 0.23, 356.30, 109.06, 33.07, 157.65, 107.26, 32.76, 154.82
3.084, 145.61, 0.12, 356.40, 115.53, 33.68, 169.90, 113.93, 33.50, 166.98
3.112, 125.52, 0.20, 356.69, 118.80, 34.75, 181.85, 117.86, 34.51, 178.96
3.139, 121.66, 0.40, 356.86, 123.27, 35.36, 193.21, 122.22, 35.20, 190.45
3.166, 142.42, 0.12, 356.36, 129.98, 36.43, 203.45, 128.48, 36.19, 200.93
3.194, 147.99, 0.55, 356.82, 135.76, 36.86, 214.22, 134.35, 36.73, 211.64
3.221, 148.35, 0.53, 355.28, 140.85, 37.50, 222.55, 139.59, 37.35, 220.43
3.248, 146.54, 0.43, 353.27, 144.93, 36.47, 230.00, 143.89, 36.64, 228.14
3.275, 154.48, -0.04, 351.58, 149.47, 38.57, 237.40, 148.39, 38.19, 235.61
3.303, 158.18, 0.74, 349.20, 154.45, 39.92, 243.73, 153.28, 39.58, 242.15
3.330, 199.03, 0.26, 346.67, 159.85, 41.68, 249.54, 158.58, 41.28, 248.11
3.357, 170.88, 1.14, 346.49, 163.45, 43.27, 257.37, 162.50, 42.88, 255.57
3.384, 182.75, 1.10, 344.66, 168.30, 43.07, 263.20, 167.17, 43.03, 261.72
3.412, 157.37, 0.62, 343.72, 171.46, 46.15, 269.59, 170.63, 45.54, 268.06
3.439, 171.03, 1.02, 346.86, 175.10, 49.49, 279.75, 174.24, 48.72, 277.48
3.466, 197.99, 1.13, 347.56, 176.58, 52.02, 287.17, 176.13, 51.38, 285.29
3.494, 161.21, 1.48, 345.25, 175.37, 48.55, 291.28, 175.52, 49.10, 290.11
3.521, 185.78, 1.41, 345.31, 177.57, 47.67, 297.48, 177.17, 47.95, 296.06
3.548, 190.65, 1.44, 344.65, 178.51, 42.99, 302.68, 178.25, 43.95, 301.40
3.576, 187.86, 1.34, 344.52, 178.70, 37.67, 308.16, 178.61, 38.89, 306.85
3.603, 186.84, 1.50, 346.90, 178.14, 31.16, 315.90, 178.23, 32.66, 314.15
3.630, 180.09, 1.44, 345.61, 177.00, 23.60, 319.71, 177.24, 25.35, 318.63
3.658, 186.27, 1.54, 348.24, 175.96, 15.04, 327.21, 176.21, 17.04, 325.55
3.685, 198.38, 1.54, 351.70, 175.26, 6.89, 335.32, 175.45, 8.85, 333.42
3.712, 212.10, 1.44, 352.78, 173.58, -0.84, 340.82, 173.94, 1.04, 339.38
3.739, 182.94, 0.92, 353.27, 169.00, -8.19, 345.50, 169.96, -6.39, 344.31
3.767, 170.74, -0.80, 356.81, 163.34, -15.29, 353.05, 164.62, -13.57, 351.36
3.794, 91.67, -0.03, 358.13, 154.01, -21.99, 358.18, 156.06, -20.36, 356.86
3.821, 92.82, -0.85, 0.05, 148.72, -28.37, 345.74, 150.14, -26.82, 347.89
3.849, 95.54, -0.22, 0.16, 145.93, -34.39, 331.92, 146.75, -32.92, 335.02
3.876, 146.08, -0.85, 359.54, 143.93, -40.09, 335.78, 144.47, -38.70, 335.63
3.903, 75.59, -1.06, 358.07, 139.38, -45.49, 338.57, 140.37, -44.17, 338.00
3.931, 48.78, -1.07, 358.45, 135.62, -50.59, 343.02, 136.54, -49.35, 342.05
3.958, 47.43, -1.19, 359.40, 132.81, -54.74, 347.86, 133.54, -53.69, 346.73
3.985, 119.82, -1.22, 359.87, 132.94, -57.35, 352.02, 133.06, -56.64, 350.99
4.012, 119.71, -1.29, 0.64, 131.93, -58.99, 338.38, 132.15, -58.53, 340.84
4.040, 38.86, -1.10, 1.51, 126.72, -59.91, 325.32, 127.77, -59.64, 328.32
4.067, 65.45, -1.10, 3.45, 124.38, -60.15, 313.75, 125.04, -60.05, 316.58
4.095, -21.91, -1.20, 5.18, 117.71, -58.78, 302.42, 119.12, -59.03, 305.13
4.122, 8.57, -0.83, 7.83, 112.47, -50.98, 292.41, 113.75, -52.53, 294.86
4.150, 68.69, -1.10, 4.62, 114.39, -42.45, 276.93, 114.26, -44.41, 280.40
4.177, 273.23, -1.12, 6.28, 122.51, -34.34, 266.70, 120.91, -36.29, 269.36
4.204, 15.59, -0.65, 6.77, 118.25, -26.59, 255.70, 118.76, -28.47, 258.35
4.231, 187.18, -0.26, 5.49, 119.98, -19.20, 243.29, 119.74, -21.01, 246.22
4.259, 49.33, -0.61, 8.43, 112.06, -14.09, 235.47, 113.55, -15.43, 237.55
4.286, 63.54, -0.66, 8.58, 111.65, -7.30, 225.22, 112.02, -8.88, 227.61
4.313, 186.50, 0.62, 9.32, 113.49, -0.75, 215.90, 113.21, -2.33, 218.17
4.341, 102.46, 0.04, 11.03, 106.58, 2.82, 207.89, 107.87, 1.82, 209.88
4.368, 99.07, 0.03, 9.57, 101.31, 8.83, 197.03, 102.58, 7.47, 199.52
4.395, 94.39, 0.04, 8.80, 94.58, 13.45, 187.18, 96.14, 12.29, 189.57
4.423, 73.08, 0.01, 9.77, 91.60, 17.91, 179.38, 92.48, 16.82, 181.35
4.450, 136.30, 0.76, 8.47, 87.42, 22.95, 169.61, 88.40, 21.76, 171.89
4.477, 86.99, 0.69, 3.78, 81.03, 24.08, 156.73, 82.46, 23.63, 159.67
4.504, 85.28, 0.16, 1.70, 74.99, 23.14, 146.75, 76.44, 23.23, 149.25
4.532, 57.73, 0.19, 359.23, 67.79, 22.54, 154.47, 69.47, 22.68, 153.46
4.559, 56.87, 0.24, 356.80, 62.61, 20.75, 161.88, 63.94, 21.12, 160.25
4.586, 56.68, -0.05, 358.65, 57.63, 17.86, 173.25, 58.86, 18.49, 170.73
4.614, 57.60, 0.13, 1.67, 54.72, 15.80, 167.66, 55.52, 16.32, 168.26
4.641, 48.31, 0.19, 2.15, 50.02, 12.55, 159.83, 51.09, 13.28, 161.46
4.668, 40.46, -0.06, 3.01, 45.83, 10.98, 152.66, 46.85, 11.43, 154.37
4.696, 44.88, 0.10, 359.93, 41.95, 10.68, 159.61, 42.90, 10.83, 158.59
4.723, 33.77, 0.05, 358.34, 39.82, 9.54, 167.73, 40.42, 9.79, 165.96
4.750, 32.18, -0.12, 0.22, 36.67, 7.63, 161.20, 37.40, 8.05, 162.13
4.777, 36.55, -0.00, 0.17, 33.93, 7.10, 153.03, 34.60, 7.28, 154.80
4.805, 32.22, 0.02, 2.90, 30.87, 6.48, 147.92, 31.59, 6.63, 149.26
4.832, 35.82, 0.16, 1.68, 29.67, 5.49, 139.13, 30.04, 5.71, 141.09
4.859, 35.90, 0.15, 2.68, 28.86, 5.12, 132.82, 29.09, 5.23, 134.42
4.886, 30.63, 0.25, 1.15, 27.14, 3.25, 124.23, 27.52, 3.63, 126.21
4.914, 26.57, -0.02, 1.93, 26.03, 2.32, 118.22, 26.32, 2.57, 119.77
4.941, 30.85, 0.24, 4.23, 25.86, 1.14, 113.95, 25.95, 1.42, 115.08
4.968, 29.10, 0.28, 4.73, 28.59, -2.44, 108.14, 28.08, -1.69, 109.49
4.996, 35.16, 0.23, 8.95, 35.32, -5.76, 106.26, 33.91, -4.97, 106.89
5.023, 27.17, 0.36, 13.12, 41.56, -10.07, 104.56, 40.08, -9.08, 105.01
5.050, 36.40, 0.18, 17.61, 47.94, -12.24, 103.40, 46.42, -11.63, 103.71
5.078, 40.98, 0.42, 19.24, 54.23, -14.05, 99.58, 52.72, -13.58, 100.38
5.105, 44.68, 0.44, 17.15, 60.36, -15.53, 92.25, 58.88, -15.15, 93.83
5.132, 61.55, 1.12, 13.76, 67.01, -15.66, 83.82, 65.43, -15.56, 85.76
5.160, 76.73, 0.83, 10.64, 71.82, -17.45, 75.85, 70.58, -17.08, 77.78
5.187, 70.45, 0.70, 7.61, 76.02, -21.51, 68.16, 74.97, -20.65, 70.03
5.214, 74.01, 0.60, 5.63, 79.95, -25.96, 61.71, 78.98, -24.92, 63.33
5.241, 86.59, 0.51, 1.61, 83.60, -31.41, 53.38, 82.70, -30.16, 55.31
5.269, 80.27, 0.27, 358.84, 85.45, -36.77, 64.23, 84.92, -35.49, 62.50
5.296, 67.81, 0.07, 352.00, 87.12, -41.85, 70.59, 86.69, -40.61, 69.02
5.323, 145.51, -0.71, 345.19, 92.81, -46.66, 76.53, 91.63, -45.49, 75.08
5.350, 124.70, -0.87, 339.38, 97.17, -50.65, 83.08, 96.09, -49.64, 81.52
5.378, 85.31, -0.89, 336.64, 101.05, -51.11, 92.28, 100.09, -50.82, 90.19
5.405, 177.75, -0.40, 334.85, 111.39, -52.94, 102.04, 109.20, -52.53, 99.74
5.432, 217.05, -0.28, 334.70, 119.96, -57.03, 113.06, 117.87, -56.16, 110.47
5.460, 222.84, -0.68, 333.58, 121.54, -60.89, 122.74, 120.83, -59.97, 120.36
5.487, 265.77, -0.97, 336.70, 124.31, -62.07, 136.29, 123.64, -61.66, 133.20
5.514, 289.72, -1.00, 341.00, 127.02, -63.74, 150.67, 126.36, -63.34, 147.28
5.542, 305.10, -0.91, 347.71, 129.88, -62.96, 167.11, 129.20, -63.03, 163.26
5.569, 313.22, -0.78, 354.55, 133.14, -60.77, 183.36, 132.37, -61.21, 179.47
5.596, -7.88, -0.55, 359.25, 120.56, -56.22, 197.13, 122.85, -57.19, 193.70
5.623, -23.30, -0.43, 5.95, 107.74, -51.70, 194.83, 110.67, -52.76, 194.61
5.651, -5.53, -0.24, 12.77, 96.33, -47.31, 192.95, 99.11, -48.37, 193.27
5.678, 11.30, -0.24, 14.81, 86.79, -41.33, 186.57, 89.18, -42.70, 187.87
5.705, -4.89, -0.11, 17.33, 80.02, -33.80, 180.95, 81.79, -35.53, 182.29
5.733, -15.97, 0.04, 24.17, 69.23, -29.40, 179.92, 71.66, -30.59, 180.38
5.760, 25.98, -0.12, 29.63, 63.46, -24.62, 177.77, 65.06, -25.78, 178.27
5.787, 20.64, -0.15, 24.98, 65.10, -18.14, 165.76, 65.09, -19.63, 168.19
5.814, -3.87, -0.25, 18.50, 66.74, -10.45, 152.18, 66.42, -12.24, 155.30
5.842, 19.73, -0.51, 18.97, 70.13, -3.13, 145.80, 69.41, -4.89, 147.64
5.869, -11.88, -0.76, 25.81, 72.80, 3.83, 146.01, 72.14, 2.13, 146.33
5.896, 3.81, -0.58, 29.19, 76.03, 10.43, 143.00, 75.27, 8.82, 143.64
5.924, 253.90, -0.38, 36.02, 89.26, 16.72, 143.66, 86.54, 15.19, 143.66
5.951, 92.46, 1.02, 42.81, 94.06, 22.72, 144.51, 92.59, 21.25, 144.34
5.978, 67.52, 0.69, 49.08, 96.02, 28.45, 145.03, 95.36, 27.06, 144.90
6.005, 61.64, 0.80, 53.67, 97.04, 32.69, 144.09, 96.71, 31.60, 144.25
6.033, 89.65, 0.61, 57.06, 97.93, 37.25, 142.14, 97.70, 36.16, 142.55
6.060, 106.11, 0.27, 62.29, 99.46, 42.13, 142.23, 99.12, 40.97, 142.29
6.087, 140.07, 0.92, 66.04, 103.13, 46.78, 141.03, 102.36, 45.65, 141.28
6.115, 58.50, 1.57, 72.87, 101.80, 51.19, 143.10, 101.91, 50.12, 142.75
6.142, 147.78, 1.43, 74.73, 104.41, 55.34, 140.37, 103.93, 54.33, 140.83
6.169, 124.97, 1.41, 79.50, 106.67, 57.71, 140.72, 106.14, 57.05, 140.74
6.197, 63.89, 1.47, 81.50, 108.10, 58.73, 138.49, 107.72, 58.41, 138.92
6.224, 18.51, 1.56, 83.25, 104.80, 58.45, 136.15, 105.37, 58.44, 136.69
6.251, 57.49, 1.54, 84.35, 103.32, 56.80, 133.33, 103.72, 57.12, 133.99
6.278, 65.24, 1.55, 87.70, 102.46, 54.37, 132.91, 102.70, 54.90, 133.12
6.306, 51.28, 1.48, 84.04, 100.99, 48.99, 125.63, 101.32, 50.14, 127.09
6.333, 43.71, 1.40, 79.06, 101.30, 42.83, 117.18, 101.31, 44.25, 119.10
6.360, 48.36, 1.51, 78.02, 103.05, 34.08, 112.80, 102.71, 36.05, 114.02
6.388, 43.33, 1.44, 76.41, 105.70, 25.71, 108.00, 105.13, 27.72, 109.17
6.415, 63.38, 1.58, 75.67, 109.99, 17.74, 104.18, 109.05, 19.67, 105.15
6.442, 137.71, 1.65, 76.85, 117.64, 10.20, 102.44, 115.96, 12.05, 102.97
6.470, 302.14, 1.45, 80.03, 133.08, 2.97, 102.80, 129.77, 4.72, 102.84
6.497, 221.25, 0.56, 83.05, 143.31, -3.94, 103.13, 140.68, -2.26, 103.07
6.524, 212.49, -0.14, 86.21, 151.40, -10.54, 103.71, 149.32, -8.93, 103.59
6.551, 229.42, -0.28, 89.41, 155.57, -16.81, 104.45, 154.36, -15.28, 104.28
6.579, 239.68, -0.58, 94.45, 160.27, -22.76, 107.14, 159.12, -21.31, 106.59
6.606, 230.24, -0.65, 98.03, 161.76, -28.40, 108.48, 161.24, -27.02, 108.11
6.633, 259.55, -1.00, 99.97, 162.60, -33.78, 108.27, 162.34, -32.47, 108.24
6.660, 260.39, -0.93, 106.31, 163.01, -38.29, 112.57, 162.88, -37.16, 111.73
6.688, 277.77, -1.06, 112.71, 163.34, -42.10, 117.02, 163.25, -41.15, 115.99
6.715, 295.94, -0.95, 117.16, 163.90, -42.59, 119.61, 163.78, -42.31, 118.91
6.742, -27.42, -0.75, 120.55, 148.60, -42.04, 121.23, 151.54, -42.09, 120.78
6.770, 19.81, -0.79, 126.94, 136.24, -39.74, 125.94, 139.21, -40.20, 124.94
6.797, 14.35, -0.44, 129.05, 127.81, -33.70, 126.45, 130.02, -34.96, 126.16
6.824, 8.99, -0.25, 126.45, 122.24, -25.58, 122.34, 123.75, -27.40, 123.08
6.852, -9.39, -0.52, 133.27, 120.16, -17.86, 127.72, 120.86, -19.72, 126.82
6.879, 286.44, -0.63, 140.10, 131.98, -10.51, 133.18, 129.82, -12.30, 131.95
6.906, 311.95, -0.09, 146.92, 147.06, -3.49, 138.72, 143.71, -5.20, 137.40
6.933, 232.37, 0.98, 153.77, 156.61, 3.28, 144.34, 154.11, 1.64, 143.00
6.961, 242.31, 1.24, 160.60, 163.86, 9.69, 150.02, 161.97, 8.13, 148.66
6.988, 216.21, 1.44, 165.75, 167.34, 15.78, 154.09, 166.29, 14.29, 153.03
7.015, 166.20, 1.41, 165.74, 166.02, 19.43, 153.05, 166.07, 18.44, 153.05
7.043, 146.25, 1.49, 161.03, 161.72, 12.04, 147.38, 162.57, 13.28, 148.48
7.070, 250.21, 1.46, 154.22, 160.17, 5.03, 139.66, 160.64, 6.63, 141.37
7.097, 282.02, 0.84, 147.38, 160.25, -1.70, 131.97, 160.33, -0.08, 133.79
7.124, 314.51, -0.39, 140.59, 163.23, -8.11, 124.40, 162.67, -6.54, 126.23
7.152, 295.32, -0.33, 133.76, 164.04, -14.22, 116.83, 163.78, -12.73, 118.65
7.179, -36.65, -0.50, 126.94, 152.87, -20.04, 109.30, 154.99, -18.62, 111.12
7.206, 320.59, -0.51, 122.26, 160.31, -25.54, 103.98, 159.27, -24.20, 105.37
7.234, -12.72, -0.55, 116.14, 149.66, -30.75, 97.27, 151.52, -29.48, 98.84
7.261, -16.23, -0.57, 116.90, 142.79, -28.43, 97.47, 144.49, -28.63, 97.74
7.288, -7.43, -0.52, 119.01, 139.29, -24.34, 99.08, 140.30, -25.17, 98.82
7.315, -18.31, -0.49, 123.54, 138.50, -16.58, 103.14, 138.85, -18.25, 102.30
7.343, -29.39, -0.27, 127.64, 137.09, -9.16, 106.81, 137.44, -10.93, 105.93
7.370, 309.10, -0.69, 131.34, 152.26, -2.17, 110.12, 149.37, -3.88, 109.30
7.397, 266.67, -0.90, 135.80, 164.77, 4.52, 114.23, 161.79, 2.89, 113.27
7.424, 240.05, -0.19, 137.64, 175.41, 10.89, 115.75, 172.76, 9.33, 115.27
7.452, 212.71, 0.97, 138.81, 184.24, 17.00, 116.62, 182.01, 15.51, 116.36
7.479, 193.64, 1.02, 140.72, 190.90, 22.61, 118.28, 189.18, 21.23, 117.91
7.506, 181.61, 0.61, 142.37, 193.46, 23.95, 119.70, 192.63, 23.42, 119.35
7.534, 178.38, 0.47, 142.05, 192.04, 23.72, 119.19, 192.15, 23.66, 119.22
7.561, 187.81, 0.52, 143.45, 185.94, 24.54, 120.42, 187.14, 24.37, 120.19
7.588, 189.70, 0.70, 141.98, 180.15, 21.01, 118.81, 181.51, 21.66, 119.08
7.615, 132.15, 0.96, 138.52, 171.80, 14.68, 115.23, 173.68, 16.03, 115.98
7.643, 125.17, 0.49, 131.70, 163.50, 7.49, 108.32, 165.47, 9.15, 109.81
7.670, 0.75, -0.27, 125.23, 149.43, 0.60, 101.78, 152.54, 2.26, 103.34
7.697, 18.73, -0.46, 118.40, 136.82, -5.95, 94.91, 139.87, -4.36, 96.55
7.725, -10.53, -0.49, 111.57, 123.30, -10.14, 88.06, 126.52, -9.02, 89.70
7.752, -6.84, -0.38, 105.02, 111.97, -12.87, 81.50, 114.79, -12.12, 83.09
7.779, -4.35, -0.36, 100.89, 103.68, -16.00, 77.38, 105.83, -15.25, 78.49
7.807, -4.78, -0.36, 98.17, 96.83, -19.63, 74.70, 98.58, -18.78, 75.44
7.834, -3.89, -0.58, 97.90, 93.26, -17.99, 74.48, 94.29, -18.14, 74.66
7.861, 6.74, -0.30, 99.22, 90.21, -16.53, 75.87, 91.00, -16.84, 75.63
7.888, 13.61, -0.44, 100.14, 89.19, -14.95, 76.87, 89.54, -15.32, 76.63
7.916, 16.27, -0.52, 102.86, 91.49, -10.69, 79.68, 91.11, -11.59, 79.09
7.943, 21.72, -0.19, 104.40, 94.15, -8.88, 81.33, 93.56, -9.40, 80.90
7.970, 23.81, 0.11, 107.51, 96.71, -10.86, 84.56, 96.10, -10.58, 83.85
7.998, 5.15, 0.06, 110.80, 98.18, -16.71, 88.00, 97.77, -15.52, 87.19
8.025, -21.60, -0.71, 109.45, 98.19, -21.12, 86.79, 98.11, -20.04, 86.87
8.052, 277.21, -0.62, 102.63, 112.83, -20.24, 80.12, 109.97, -20.20, 81.43
8.080, 252.81, -0.14, 96.45, 125.65, -21.65, 74.12, 122.60, -21.37, 75.54
8.107, 216.10, -0.43, 92.34, 136.09, -24.51, 70.18, 133.47, -23.90, 71.22
8.134, 230.76, -0.93, 92.63, 137.73, -24.11, 70.66, 136.90, -24.07, 70.77
8.161, 262.28, -1.25, 92.34, 145.70, -20.04, 70.57, 143.99, -20.82, 70.61
8.189, 224.18, -0.60, 95.77, 147.24, -16.23, 74.19, 146.61, -17.12, 73.50
8.216, 228.45, -0.70, 101.83, 144.61, -11.23, 80.47, 145.00, -12.37, 79.11
8.243, 243.42, -1.01, 107.29, 142.90, -5.69, 86.15, 143.31, -6.98, 84.78
8.271, 311.73, -0.86, 111.89, 144.73, 1.28, 90.98, 144.45, -0.33, 89.77
8.298, -32.69, 0.00, 112.44, 129.62, 7.94, 91.76, 132.50, 6.34, 91.37
8.325, 6.41, 0.68, 112.41, 117.08, 13.62, 91.96, 120.08, 12.20, 91.84
8.352, 21.67, 0.61, 113.54, 105.82, 16.17, 93.34, 108.60, 15.40, 93.05
8.380, 17.84, 0.23, 110.84, 94.83, 17.58, 90.87, 97.50, 17.15, 91.30
8.407, 20.85, 0.05, 104.01, 84.47, 17.52, 84.30, 87.00, 17.45, 85.65
8.434, 3.66, -0.19, 97.18, 74.97, 16.06, 77.72, 77.30, 16.33, 79.25
8.461, 3.64, -0.43, 90.34, 67.72, 15.65, 71.13, 69.58, 15.78, 72.71
8.489, 15.85, -0.40, 85.09, 62.76, 14.24, 66.13, 64.08, 14.54, 67.41
8.516, 9.23, -0.51, 86.71, 62.89, 15.14, 68.02, 63.12, 15.03, 67.90
8.543, 7.00, -0.57, 93.54, 66.15, 18.41, 75.11, 65.56, 17.75, 73.71
8.571, -18.24, -0.71, 100.37, 67.97, 24.08, 82.20, 67.50, 22.85, 80.55
8.598, -35.80, -0.43, 107.16, 68.73, 29.42, 89.26, 68.49, 28.14, 87.56
8.625, -15.53, -0.80, 113.99, 70.40, 34.50, 96.36, 70.03, 33.27, 94.65
8.652, 285.86, 1.01, 119.26, 86.79, 39.40, 101.89, 83.54, 38.21, 100.49
8.680, 278.25, -0.03, 121.11, 102.14, 43.96, 104.01, 98.53, 42.84, 103.33
8.707, 230.08, 0.06, 125.36, 114.49, 48.26, 108.54, 111.39, 47.21, 107.52
8.734, 208.71, 0.90, 128.31, 122.43, 52.35, 111.76, 120.28, 51.35, 110.93
8.761, 272.52, 1.65, 132.52, 130.02, 56.25, 116.23, 128.13, 55.30, 115.21
8.789, 17.73, 1.58, 134.54, 125.06, 59.91, 118.52, 125.66, 59.02, 117.88
8.816, 221.53, 1.68, 130.74, 127.44, 63.33, 114.99, 127.09, 62.49, 115.55
8.843, 101.64, 1.28, 137.58, 125.59, 65.59, 122.10, 125.88, 64.99, 120.83
8.871, 127.42, 1.49, 135.57, 126.41, 55.65, 120.35, 126.30, 57.46, 120.44
8.898, 148.55, 1.76, 130.74, 128.08, 46.18, 115.79, 127.73, 48.37, 116.70
8.925, 269.24, 1.57, 123.91, 135.14, 37.11, 109.22, 133.70, 39.29, 110.67
8.953, 240.58, 1.06, 117.08, 138.46, 28.44, 102.66, 137.54, 30.55, 104.21
8.980, 276.17, 0.53, 110.24, 148.11, 20.14, 96.08, 146.06, 22.16, 97.66
9.007, 279.83, -0.36, 103.43, 160.65, 12.22, 89.53, 157.81, 14.15, 91.11
9.034, 280.29, -0.65, 110.27, 173.26, 4.64, 96.63, 170.27, 6.49, 95.56
9.062, 287.24, -0.70, 117.07, 183.81, -2.53, 103.69, 181.18, -0.78, 102.11
9.089, -11.20, -0.91, 120.16, 168.18, -8.85, 107.04, 170.70, -7.29, 106.08
9.116, 262.83, -1.24, 117.69, 170.30, -11.70, 104.82, 170.38, -10.84, 105.07
9.144, 320.06, -1.04, 118.75, 173.16, -11.53, 106.13, 172.62, -11.39, 105.93
9.171, 311.21, -0.86, 124.75, 173.92, -11.03, 112.38, 173.67, -11.10, 111.13
9.198, -17.68, -0.52, 131.58, 158.53, -12.33, 119.45, 161.47, -12.09, 117.84
9.225, 17.63, -0.78, 133.85, 145.50, -12.17, 121.97, 148.59, -12.16, 121.17
9.253, 21.05, -0.97, 133.59, 133.98, -9.64, 121.95, 136.82, -10.13, 121.80
9.280, 22.46, -0.78, 131.44, 125.03, -6.59, 120.04, 127.31, -7.28, 120.38
9.307, 4.02, -0.59, 126.36, 117.08, -0.21, 115.20, 119.07, -1.59, 116.20
9.335, -1.46, -0.66, 130.78, 108.94, 5.59, 119.85, 110.91, 4.20, 119.14
9.362, -7.38, -1.00, 137.61, 105.70, 11.36, 126.91, 106.71, 9.97, 125.40
9.389, 309.10, -0.70, 144.45, 117.15, 16.87, 133.98, 115.13, 15.53, 132.31
9.416, -5.05, 0.01, 151.27, 113.32, 22.10, 141.02, 113.67, 20.83, 139.33
9.444, 50.59, 0.74, 158.10, 112.02, 27.11, 148.08, 112.34, 25.89, 146.38
9.471, 29.52, 0.22, 164.84, 114.32, 31.83, 155.04, 113.93, 30.67, 153.36
9.498, 89.89, 1.14, 169.11, 118.02, 36.32, 159.53, 117.23, 35.22, 158.33
9.526, 84.15, 0.94, 173.07, 117.33, 40.56, 163.70, 117.31, 39.52, 162.66
9.553, 93.41, 0.53, 177.75, 117.21, 44.51, 168.59, 117.23, 43.54, 167.43
9.580, 89.27, 1.31, 181.82, 117.98, 48.26, 172.87, 117.83, 47.34, 171.81
9.607, 86.48, 1.52, 187.34, 119.93, 51.51, 178.59, 119.52, 50.70, 177.28
9.635, 92.50, 1.53, 189.48, 121.87, 50.37, 180.94, 121.42, 50.43, 180.23
9.662, 132.02, 1.53, 191.08, 125.38, 45.69, 182.73, 124.61, 46.61, 182.25
9.689, 121.84, 1.61, 190.77, 127.83, 36.29, 182.62, 127.20, 38.29, 182.55
9.716, 184.06, 1.63, 190.05, 132.92, 27.36, 182.09, 131.81, 29.48, 182.18
9.744, 193.22, 1.25, 186.22, 136.13, 18.81, 178.45, 135.29, 20.88, 179.18
9.771, 202.85, 1.11, 179.40, 139.50, 10.65, 171.81, 138.68, 12.64, 173.24
9.798, 230.97, 0.66, 172.58, 147.19, 2.88, 165.18, 145.54, 4.78, 166.74
9.825, 249.81, 0.03, 166.09, 155.88, -4.53, 158.87, 153.87, -2.72, 160.40
9.853, 284.59, -0.61, 164.13, 164.85, -11.63, 157.08, 162.72, -9.90, 157.73
9.880, 270.29, -0.86, 164.28, 170.13, -18.36, 157.40, 168.69, -16.71, 157.47
9.907, 295.15, -0.98, 168.09, 173.82, -24.21, 161.38, 172.82, -22.75, 160.62
9.935, 275.65, -1.08, 168.89, 173.61, -28.50, 162.36, 173.46, -27.39, 162.02
9.962, 275.46, -1.02, 175.71, 174.06, -29.24, 169.34, 173.94, -28.88, 167.92
9.989, 38.19, -0.96, 182.54, 162.67, -27.44, 176.33, 164.86, -27.72, 174.69
10.016, -15.41, -0.77, 189.36, 147.69, -25.44, 183.31, 151.03, -25.88, 181.63
10.044, 19.45, 0.12, 196.19, 135.02, -23.97, 190.30, 138.12, -24.34, 188.62
10.071, 13.68, 0.13, 202.96, 122.63, -21.63, 197.22, 125.65, -22.16, 195.55
10.098, 24.90, 0.19, 209.05, 114.14, -20.05, 203.46, 116.35, -20.45, 201.94
10.126, 32.80, 0.01, 215.89, 113.31, -19.36, 210.45, 113.90, -19.57, 208.80
10.153, 29.22, -0.18, 222.74, 115.50, -18.21, 217.44, 115.19, -18.47, 215.77
10.180, 21.94, 0.00, 229.58, 117.14, -18.73, 224.42, 116.77, -18.68, 222.74
10.208, 13.00, -0.04, 231.79, 118.18, -17.21, 226.77, 117.91, -17.50, 225.99
10.235, -5.86, -0.38, 226.33, 118.16, -11.01, 221.45, 118.11, -12.27, 222.33
10.262, 71.54, 0.68, 219.52, 121.84, -4.50, 214.76, 121.12, -6.01, 216.23
10.290, 200.39, 1.10, 212.70, 131.66, 1.72, 208.08, 129.61, 0.22, 209.66
10.317, 97.46, 1.23, 218.24, 134.00, 7.65, 213.74, 133.15, 6.21, 212.95
10.344, 178.98, 1.28, 220.38, 136.65, 13.27, 216.01, 135.97, 11.90, 215.42
10.371, 64.98, 1.51, 224.51, 136.15, 15.20, 220.26, 136.12, 14.56, 219.32
10.399, 156.52, 1.31, 226.54, 140.08, 8.48, 222.41, 139.31, 9.66, 221.81
10.426, 207.48, 1.54, 220.71, 141.58, 1.07, 216.69, 141.14, 2.74, 217.69
10.453, 244.17, 1.06, 215.90, 143.05, -6.01, 212.00, 142.68, -4.31, 213.10
10.480, 271.08, 0.59, 209.08, 142.49, -12.74, 205.29, 142.53, -11.10, 206.81
10.508, 272.29, -0.18, 202.26, 142.11, -19.16, 198.59, 142.19, -17.59, 200.18
10.535, 302.59, -0.59, 195.44, 143.35, -25.27, 191.87, 143.13, -23.78, 193.49
10.562, 5.96, -0.40, 196.48, 137.26, -29.56, 193.01, 138.40, -28.44, 193.11
10.590, -2.95, -0.61, 192.72, 136.69, -22.75, 189.36, 137.02, -23.85, 190.09
10.617, -24.51, -0.54, 198.87, 132.76, -15.65, 195.60, 133.59, -17.24, 194.53
10.644, 304.85, -0.36, 205.70, 147.34, -8.87, 202.53, 144.67, -10.50, 200.98
10.672, 257.00, 0.56, 212.53, 151.23, -2.38, 209.46, 149.96, -3.95, 207.81
10.699, 204.45, 1.30, 219.36, 147.18, 3.83, 216.38, 147.72, 2.32, 214.72
10.726, 112.71, 0.94, 212.53, 144.55, -3.27, 209.65, 145.16, -2.18, 210.63
10.753, -16.52, 1.25, 205.70, 141.77, -10.00, 202.90, 142.43, -8.49, 204.40
10.781, 274.98, 0.31, 198.87, 141.54, -16.44, 196.15, 141.71, -14.90, 197.75
10.808, -14.14, -0.51, 192.87, 128.02, -22.58, 190.24, 130.68, -21.09, 191.70
10.835, -1.46, -0.45, 197.47, 127.83, -16.03, 194.93, 128.38, -17.01, 194.30
10.863, -26.89, -0.79, 202.89, 126.28, -9.21, 200.42, 126.68, -10.72, 199.23
10.890, 198.74, 0.94, 209.72, 132.19, -2.61, 207.33, 131.12, -4.19, 205.76
10.917, 172.93, 0.94, 215.86, 133.77, 3.58, 213.55, 133.25, 2.08, 212.04
10.945, 151.48, 1.01, 209.03, 129.11, -3.44, 206.80, 129.92, -2.37, 207.81
10.972, 298.21, 0.61, 202.20, 131.05, -10.13, 200.04, 130.83, -8.63, 201.55
10.999, -7.40, -0.56, 195.37, 121.34, -16.55, 193.28, 123.18, -15.01, 194.88
11.027, -28.62, -0.55, 197.65, 117.80, -9.63, 195.63, 118.84, -10.67, 195.48
11.054, -22.35, -0.89, 202.75, 112.40, -3.07, 200.79, 113.65, -4.55, 199.76
11.081, 181.86, 0.70, 209.59, 114.75, 3.26, 207.70, 114.54, 1.74, 206.17
11.109, 147.73, 0.98, 216.43, 112.97, 8.52, 214.60, 113.27, 7.21, 212.96
11.136, 138.05, 1.02, 209.60, 107.89, 1.28, 207.83, 108.94, 2.43, 208.83
11.163, 139.59, 1.62, 202.78, 104.08, -5.56, 201.07, 105.02, -4.01, 202.58
11.190, 318.07, -0.91, 195.96, 109.39, -12.18, 194.31, 108.54, -10.60, 195.92
11.218, 308.23, -1.07, 189.42, 115.28, -18.03, 187.83, 113.97, -16.59, 189.40
11.245, -17.73, -0.49, 184.73, 104.92, -22.30, 183.20, 106.68, -21.19, 184.40
11.272, -9.28, -0.73, 180.79, 96.63, -26.37, 179.31, 98.58, -25.37, 180.30
11.300, -22.27, -0.94, 177.73, 87.95, -30.12, 176.31, 90.01, -29.20, 177.08
11.327, 319.84, -0.90, 176.36, 95.02, -34.63, 174.98, 94.05, -33.58, 175.39
11.354, -33.12, -0.80, 180.58, 85.27, -38.09, 179.25, 86.98, -37.22, 178.50
11.382, -4.28, -0.52, 187.46, 77.64, -41.49, 186.18, 79.44, -40.66, 184.70
11.409, -12.68, -0.37, 194.27, 71.48, -45.19, 193.05, 73.03, -44.31, 191.42
11.436, 14.42, -0.19, 193.65, 62.20, -47.10, 192.47, 64.31, -46.56, 192.27
11.463, 17.06, -0.25, 194.52, 56.38, -45.46, 193.38, 57.92, -45.68, 193.17
11.491, 21.68, -0.27, 201.34, 55.10, -43.43, 200.25, 55.65, -43.87, 198.87
11.518, -1.50, -0.05, 204.35, 55.61, -44.35, 203.30, 55.61, -44.26, 202.44
11.545, -22.68, 0.16, 197.92, 52.71, -44.14, 196.91, 53.27, -44.17, 197.98
11.573, 0.59, 0.18, 197.21, 51.53, -44.80, 196.24, 51.87, -44.68, 196.58
11.600, -4.36, -0.36, 198.99, 49.46, -43.92, 198.05, 49.93, -44.07, 197.77
11.627, -2.49, -0.34, 196.17, 46.74, -42.01, 195.27, 47.36, -42.41, 195.75
11.654, -9.39, -0.50, 195.56, 44.17, -40.81, 194.69, 44.79, -41.12, 194.90
11.682, 4.53, -0.47, 195.22, 41.77, -39.50, 194.39, 42.36, -39.82, 194.49
11.709, -4.44, -0.28, 193.95, 38.69, -37.30, 193.16, 39.40, -37.79, 193.42
11.736, -3.21, -0.46, 194.03, 36.02, -35.64, 193.27, 36.67, -36.06, 193.30
11.763, -1.74, -0.35, 194.27, 33.25, -33.63, 193.54, 33.91, -34.10, 193.49
11.791, 3.06, -0.18, 194.19, 30.74, -31.79, 193.49, 31.36, -32.24, 193.49
11.818, -0.72, -0.25, 194.29, 28.28, -30.02, 193.62, 28.87, -30.45, 193.59
11.845, 0.85, -0.21, 194.60, 25.89, -28.15, 193.96, 26.47, -28.60, 193.89
11.873, 1.00, -0.23, 194.21, 23.41, -26.45, 193.60, 24.00, -26.87, 193.66
11.900, -0.67, -0.23, 194.63, 21.30, -24.70, 194.05, 21.82, -25.12, 193.98
11.927, 0.22, -0.24, 194.69, 19.28, -23.23, 194.13, 19.77, -23.60, 194.10
11.954, -0.15, -0.23, 195.73, 17.34, -21.73, 195.20, 17.82, -22.09, 194.99
11.982, 3.35, -0.20, 195.03, 15.24, -20.06, 194.52, 15.74, -20.45, 194.61
12.009, -0.66, -0.25, 194.72, 13.27, -18.51, 194.24, 13.75, -18.89, 194.31
12.036, 0.84, -0.23, 195.03, 11.50, -17.15, 194.57, 11.93, -17.49, 194.52
12.064, 0.67, -0.22, 194.77, 9.79, -15.81, 194.33, 10.21, -16.14, 194.37
12.091, 0.87, -0.24, 194.76, 8.28, -14.60, 194.34, 8.66, -14.90, 194.35
12.118, 0.33, -0.25, 195.42, 6.80, -13.55, 195.02, 7.16, -13.81, 194.89
12.145, 2.70, -0.17, 194.34, 5.32, -12.01, 193.97, 5.68, -12.36, 194.15
12.173, -2.66, -0.30, 194.70, 3.68, -11.05, 194.35, 4.07, -11.31, 194.31
12.200, 1.67, -0.23, 195.83, 2.62, -10.26, 195.50, 2.90, -10.46, 195.27
12.227, 2.02, -0.18, 195.09, 1.28, -9.15, 194.77, 1.60, -9.40, 194.86
12.255, -1.42, -0.25, 194.82, -0.12, -8.04, 194.52, 0.21, -8.31, 194.59
12.282, 1.13, -0.22, 194.81, -1.24, -7.21, 194.53, -0.96, -7.42, 194.54
12.309, -0.83, -0.24, 195.71, -2.18, -6.54, 195.44, -1.94, -6.71, 195.26
12.337, 2.28, -0.17, 195.98, -3.12, -5.62, 195.73, -2.89, -5.83, 195.64
12.364, 1.56, -0.18, 194.47, -4.39, -4.48, 194.24, -4.10, -4.75, 194.51
12.391, -1.74, -0.26, 194.34, -5.49, -3.81, 194.11, -5.22, -3.99, 194.19
12.418, -0.51, -0.26, 195.57, -6.19, -3.45, 195.36, -6.00, -3.56, 195.13
12.446, 3.57, -0.16, 195.69, -6.95, -2.83, 195.50, -6.77, -2.97, 195.43
12.473, 2.37, -0.19, 194.42, -7.79, -1.78, 194.23, -7.59, -2.01, 194.47
12.500, -0.07, -0.27, 194.40, -8.55, -1.14, 194.23, -8.37, -1.31, 194.27
12.527, 0.07, -0.24, 195.73, -9.04, -0.83, 195.57, -8.91, -0.92, 195.31
12.555, 2.01, -0.18, 195.53, -9.58, -0.23, 195.39, -9.45, -0.36, 195.37
12.582, 2.16, -0.22, 194.85, -10.28, 0.47, 194.71, -10.12, 0.31, 194.84
12.609, -0.74, -0.27, 195.48, -10.82, 0.85, 195.35, -10.68, 0.75, 195.25
12.637, 2.10, -0.21, 195.78, -11.17, 1.32, 195.66, -11.08, 1.21, 195.58
12.664, 1.64, -0.19, 194.96, -11.76, 1.97, 194.86, -11.63, 1.82, 195.00
12.691, 1.66, -0.25, 194.52, -12.20, 2.36, 194.42, -12.09, 2.25, 194.54
12.718, -0.33, -0.26, 195.47, -12.58, 2.63, 195.38, -12.48, 2.56, 195.22
12.746, 2.17, -0.20, 195.44, -12.92, 3.00, 195.36, -12.83, 2.91, 195.33
12.773, 1.38, -0.19, 194.74, -13.31, 3.56, 194.67, -13.22, 3.44, 194.80
12.800, -0.00, -0.25, 194.37, -13.82, 3.91, 194.30, -13.70, 3.82, 194.40
12.828, 0.94, -0.25, 194.80, -14.00, 4.26, 194.74, -13.94, 4.17, 194.68
12.855, 1.37, -0.22, 194.70, -14.37, 4.60, 194.65, -14.29, 4.52, 194.66
12.882, -0.06, -0.26, 195.00, -14.56, 4.85, 194.96, -14.51, 4.78, 194.90
12.909, 1.58, -0.21, 194.94, -14.80, 5.24, 194.91, -14.74, 5.15, 194.91
12.937, 1.90, -0.24, 194.48, -15.12, 5.51, 194.46, -15.05, 5.44, 194.54
12.964, 1.31, -0.25, 194.51, -15.21, 5.69, 194.49, -15.18, 5.64, 194.50
12.991, -0.19, -0.25, 195.35, -15.29, 5.74, 195.34, -15.27, 5.72, 195.17
13.019, 1.25, -0.21, 195.97, -15.27, 5.74, 195.96, -15.27, 5.74, 195.81
13.046, 2.65, -0.17, 195.28, -15.47, 6.23, 195.28, -15.43, 6.14, 195.38
13.073, 0.20, -0.23, 194.32, -15.90, 6.65, 194.32, -15.81, 6.55, 194.52
13.101, 0.34, -0.28, 194.58, -15.95, 6.75, 194.58, -15.92, 6.71, 194.57
13.128, 2.19, -0.25, 195.35, -15.75, 6.67, 195.36, -15.79, 6.68, 195.20
13.155, 0.49, -0.21, 195.72, -15.75, 6.67, 195.74, -15.76, 6.67, 195.63
13.182, 2.36, -0.19, 195.12, -15.87, 6.91, 195.14, -15.85, 6.86, 195.24
13.210, -0.12, -0.26, 194.88, -16.02, 7.06, 194.90, -15.99, 7.02, 194.97
13.237, -0.62, -0.27, 195.49, -16.03, 6.97, 195.51, -16.02, 6.98, 195.41
13.264, 2.92, -0.21, 195.79, -15.86, 7.02, 195.82, -15.89, 7.01, 195.74
13.292, 0.52, -0.21, 195.44, -15.98, 7.45, 195.47, -15.96, 7.37, 195.52
13.319, -1.18, -0.26, 194.91, -16.19, 7.64, 194.94, -16.15, 7.59, 195.06
13.346, 1.68, -0.22, 194.54, -15.99, 7.88, 194.58, -16.02, 7.82, 194.67
13.373, -1.26, -0.29, 195.47, -15.77, 7.53, 195.52, -15.82, 7.59, 195.35
13.401, 1.63, -0.16, 196.20, -15.53, 7.50, 196.24, -15.59, 7.52, 196.07
13.428, 1.86, -0.19, 195.08, -15.66, 7.81, 195.12, -15.64, 7.75, 195.31
13.455, -0.10, -0.27, 194.91, -15.65, 7.97, 194.95, -15.65, 7.93, 195.02
13.483, 1.03, -0.24, 195.37, -15.42, 7.69, 195.42, -15.47, 7.73, 195.34
13.510, 0.36, -0.22, 195.89, -15.18, 7.59, 195.94, -15.24, 7.62, 195.83
13.537, 1.29, -0.20, 195.73, -15.13, 7.71, 195.79, -15.15, 7.70, 195.79
13.564, 0.49, -0.19, 194.60, -15.21, 8.00, 194.66, -15.20, 7.94, 194.88
13.592, -1.68, -0.28, 194.79, -15.23, 7.94, 194.85, -15.22, 7.94, 194.86
13.619, 0.09, -0.25, 195.81, -14.97, 7.55, 195.87, -15.02, 7.63, 195.67
13.646, 4.66, -0.17, 195.69, -14.66, 7.58, 195.75, -14.73, 7.59, 195.74
13.673, 1.59, -0.24, 194.53, -14.70, 7.88, 194.59, -14.71, 7.82, 194.81
13.701, 0.83, -0.25, 194.53, -14.51, 7.75, 194.60, -14.54, 7.76, 194.64
13.728, 1.30, -0.25, 195.09, -14.28, 7.38, 195.15, -14.33, 7.45, 195.05
13.755, 1.88, -0.20, 195.01, -13.95, 7.33, 195.07, -14.03, 7.35, 195.07
13.783, 0.18, -0.23, 195.33, -13.80, 7.35, 195.39, -13.84, 7.35, 195.33
13.810, 0.84, -0.20, 194.92, -13.61, 7.48, 194.98, -13.66, 7.45, 195.05
13.837, -0.49, -0.26, 194.51, -13.55, 7.36, 194.57, -13.57, 7.38, 194.67
13.864, -0.09, -0.25, 195.70, -13.19, 7.09, 195.76, -13.26, 7.14, 195.55
13.892, 0.91, -0.19, 195.82, -12.95, 6.98, 195.88, -13.01, 7.01, 195.82
13.919, 1.47, -0.22, 195.22, -12.86, 7.06, 195.29, -12.89, 7.05, 195.39
13.946, 1.27, -0.23, 194.45, -12.77, 7.14, 194.52, -12.79, 7.12, 194.69
13.974, -0.80, -0.27, 195.10, -12.62, 6.97, 195.16, -12.65, 7.00, 195.07
14.001, 0.41, -0.21, 195.70, -12.30, 6.78, 195.77, -12.37, 6.82, 195.63
14.028, 1.43, -0.19, 195.39, -12.10, 6.81, 195.46, -12.15, 6.81, 195.49
14.056, 0.37, -0.24, 194.63, -12.06, 6.92, 194.70, -12.07, 6.90, 194.85
14.083, -0.43, -0.26, 195.12, -11.85, 6.73, 195.18, -11.89, 6.76, 195.12
14.110, 2.77, -0.19, 195.33, -11.57, 6.59, 195.39, -11.63, 6.62, 195.34
14.138, 2.28, -0.23, 194.98, -11.46, 6.55, 195.04, -11.49, 6.56, 195.10
14.165, 0.43, -0.25, 195.28, -11.24, 6.45, 195.35, -11.29, 6.47, 195.30
14.192, 0.89, -0.22, 195.31, -10.96, 6.24, 195.38, -11.03, 6.29, 195.36
14.220, 1.37, -0.20, 195.12, -10.83, 6.31, 195.19, -10.87, 6.31, 195.22
14.247, 0.53, -0.29, 195.01, -10.79, 6.03, 195.08, -10.81, 6.08, 195.10
14.274, 1.99, -0.23, 195.80, -10.33, 5.92, 195.87, -10.43, 5.95, 195.72
14.301, 0.85, -0.21, 195.35, -10.25, 5.89, 195.42, -10.29, 5.90, 195.47
14.329, 1.65, -0.21, 194.83, -10.12, 6.15, 194.90, -10.16, 6.10, 195.01
14.356, -1.23, -0.28, 195.30, -9.99, 5.83, 195.37, -10.02, 5.88, 195.30
14.383, 1.17, -0.22, 195.77, -9.65, 5.65, 195.83, -9.72, 5.69, 195.73
14.410, 1.82, -0.21, 195.56, -9.41, 5.63, 195.63, -9.47, 5.65, 195.65
14.438, 0.31, -0.24, 195.63, -9.26, 5.59, 195.70, -9.30, 5.60, 195.69
14.465, 0.82, -0.20, 195.05, -9.19, 5.65, 195.11, -9.21, 5.64, 195.22
14.492, 0.16, -0.22, 195.08, -9.10, 5.57, 195.15, -9.12, 5.59, 195.16
14.520, 1.21, -0.25, 195.59, -8.90, 5.35, 195.65, -8.94, 5.40, 195.56
14.547, 0.88, -0.21, 195.55, -8.65, 5.30, 195.61, -8.71, 5.32, 195.60
14.574, 0.52, -0.21, 195.46, -8.42, 5.24, 195.52, -8.47, 5.25, 195.54
14.601, 1.28, -0.23, 195.22, -8.31, 5.26, 195.28, -8.35, 5.26, 195.33
14.629, 0.37, -0.23, 195.05, -8.18, 5.14, 195.11, -8.22, 5.16, 195.15
14.656, 0.24, -0.22, 195.52, -8.03, 4.97, 195.58, -8.07, 5.00, 195.50
14.683, 1.21, -0.22, 195.41, -7.84, 4.96, 195.47, -7.89, 4.97, 195.48
14.711, 0.75, -0.23, 195.53, -7.70, 4.70, 195.59, -7.73, 4.75, 195.57
14.738, 2.06, -0.21, 195.72, -7.43, 4.65, 195.78, -7.49, 4.67, 195.73
14.765, 1.29, -0.24, 195.60, -7.30, 4.53, 195.66, -7.34, 4.56, 195.67
14.792, 1.87, -0.19, 195.55, -7.07, 4.64, 195.60, -7.12, 4.62, 195.61
14.820, 0.44, -0.25, 195.34, -7.05, 4.50, 195.39, -7.07, 4.52, 195.43
14.847, 1.18, -0.22, 195.70, -6.83, 4.50, 195.76, -6.87, 4.50, 195.69
14.874, 0.76, -0.23, 195.42, -6.68, 4.33, 195.47, -6.72, 4.37, 195.51
14.901, 1.21, -0.22, 195.72, -6.40, 4.28, 195.77, -6.46, 4.30, 195.72
14.929, 0.87, -0.25, 195.86, -6.25, 4.12, 195.91, -6.29, 4.15, 195.87
14.956, 0.59, -0.19, 195.13, -6.17, 4.30, 195.18, -6.19, 4.27, 195.32
14.983, 0.04, -0.27, 195.82, -6.01, 4.21, 195.87, -6.05, 4.22, 195.76
15.011, 2.01, -0.23, 195.81, -5.89, 4.00, 195.86, -5.92, 4.04, 195.84
15.038, 0.02, -0.22, 195.46, -5.74, 4.16, 195.50, -5.78, 4.14, 195.57
15.065, 2.81, -0.21, 194.79, -5.60, 3.95, 194.84, -5.63, 3.99, 194.98
15.093, -0.29, -0.26, 195.43, -5.43, 3.85, 195.48, -5.47, 3.88, 195.38
15.120, 0.46, -0.25, 195.98, -5.26, 3.59, 196.03, -5.30, 3.65, 195.90
15.147, 2.04, -0.21, 195.71, -5.14, 3.67, 195.75, -5.17, 3.67, 195.78
15.175, -0.65, -0.26, 195.41, -4.94, 3.71, 195.45, -4.99, 3.71, 195.52
15.202, -2.47, -0.27, 195.97, -4.72, 3.79, 196.02, -4.77, 3.78, 195.92
15.229, 0.04, -0.26, 196.03, -4.65, 3.90, 196.08, -4.67, 3.88, 196.05
15.256, -0.47, -0.24, 196.19, -4.39, 3.75, 196.23, -4.45, 3.78, 196.20
