0.000, -1.60, -0.20, -0.16, -4.14, 21.78, 349.51, -0.01, 0.06, 0.95
0.028, 1.11, -3.21, 8.46, -1.86, 22.42, 175.22, -1.51, 18.13, 141.80
0.055, -0.76, -1.54, 2.80, -1.12, 22.67, 110.33, -1.19, 21.80, 116.42
0.082, -2.49, 1.28, -3.73, -0.77, 22.87, 71.31, -0.85, 22.66, 80.05
0.110, -2.11, 0.83, -4.27, -0.18, 23.01, 42.71, -0.31, 22.94, 49.95
0.137, -0.92, -1.21, 1.18, 0.07, 23.07, 20.64, -0.01, 23.05, 26.32
0.164, -0.25, -1.75, 3.28, 0.05, 23.11, 3.83, 0.04, 23.10, 8.18
0.192, -0.47, -1.63, 3.53, 0.15, 23.14, -8.43, 0.13, 23.13, -5.20
0.219, -1.88, 0.41, -2.78, 0.47, 23.21, -17.23, 0.40, 23.19, -14.90
0.246, -2.24, 1.39, -5.20, 0.51, 23.27, -23.19, 0.49, 23.26, -21.58
0.274, -0.27, -1.17, 1.00, 0.38, 23.27, -26.86, 0.40, 23.26, -25.83
0.301, 0.12, -0.89, 3.88, 0.41, 23.26, -28.95, 0.41, 23.26, -28.35
0.328, -1.01, 0.18, 0.29, 0.33, 23.29, -30.09, 0.34, 23.28, -29.75
0.355, -1.18, 0.76, -3.16, 0.24, 23.31, -30.62, 0.26, 23.31, -30.45
0.383, -0.15, -0.97, 1.98, 0.18, 23.29, -30.53, 0.20, 23.29, -30.51
0.410, 0.18, -1.89, 4.74, 0.20, 23.25, -30.04, 0.20, 23.26, -30.13
0.437, -0.82, -0.13, -1.02, 0.19, 23.27, -29.55, 0.19, 23.27, -29.66
0.465, -1.60, 0.01, -2.44, 0.18, 23.28, -28.99, 0.18, 23.28, -29.12
0.492, -1.85, -0.13, -1.09, 0.08, 23.28, -28.27, 0.10, 23.28, -28.43
0.519, -2.15, -1.95, -2.66, 0.07, 23.24, -27.55, 0.08, 23.25, -27.72
0.546, -1.44, 0.41, -0.75, 0.01, 23.26, -26.79, 0.03, 23.26, -26.97
0.573, -0.19, -1.71, 1.54, 0.08, 23.23, -25.94, 0.07, 23.24, -26.14
0.601, 0.58, -2.08, 7.14, 0.07, 23.20, -24.98, 0.07, 23.21, -25.21
0.628, -0.55, -0.21, 0.35, 0.09, 23.21, -24.22, 0.08, 23.21, -24.41
0.655, -2.08, 0.00, -6.43, 0.05, 23.23, -23.66, 0.06, 23.22, -23.80
0.683, -2.22, 1.11, -3.06, -0.06, 23.27, -23.04, -0.03, 23.26, -23.19
0.710, 0.11, -1.85, 3.20, 0.08, 23.23, -22.27, 0.06, 23.24, -22.45
0.737, 0.40, -1.17, 3.79, 0.11, 23.22, -21.51, 0.10, 23.22, -21.69
0.764, -1.05, 0.69, -2.22, 0.07, 23.25, -20.94, 0.08, 23.24, -21.08
0.792, -0.64, -0.58, 1.19, 0.07, 23.24, -20.30, 0.07, 23.24, -20.45
0.819, -0.44, -0.59, 3.82, 0.03, 23.24, -19.62, 0.04, 23.24, -19.78
0.846, -0.64, -0.31, -1.27, -0.07, 23.25, -19.10, -0.05, 23.25, -19.23
0.873, -1.52, -1.89, 0.81, -0.07, 23.21, -18.55, -0.06, 23.22, -18.68
0.900, -1.28, 0.68, -2.92, -0.06, 23.24, -18.12, -0.06, 23.24, -18.23
0.928, -1.04, -0.02, -0.22, -0.05, 23.25, -17.63, -0.06, 23.25, -17.75
0.955, -0.08, -1.47, 2.30, -0.13, 23.22, -17.10, -0.12, 23.23, -17.23
0.982, -0.17, -0.81, 1.45, -0.07, 23.22, -16.61, -0.08, 23.22, -16.73
1.009, -1.44, -0.52, 1.03, -0.11, 23.22, -16.15, -0.11, 23.22, -16.26
1.036, -1.89, 0.78, -3.80, -0.18, 23.25, -15.83, -0.17, 23.24, -15.91
1.064, -1.37, 0.09, -0.81, -0.26, 23.26, -15.45, -0.24, 23.26, -15.54
1.091, -0.27, -1.21, 2.55, -0.27, 23.24, -15.00, -0.26, 23.24, -15.10
1.118, -1.08, 0.82, -0.82, -0.27, 23.27, -14.65, -0.27, 23.27, -14.74
1.146, -1.36, -0.60, -0.29, -0.26, 23.26, -14.31, -0.26, 23.26, -14.39
1.173, -1.08, -1.47, 1.35, -0.28, 23.23, -13.92, -0.28, 23.24, -14.02
1.200, -1.12, -0.90, 0.40, -0.27, 23.22, -13.57, -0.27, 23.22, -13.66
1.228, -1.21, 0.27, -1.03, -0.27, 23.24, -13.27, -0.27, 23.24, -13.35
1.255, -0.69, -0.53, 1.74, -0.25, 23.23, -12.90, -0.25, 23.23, -12.99
1.282, -0.04, 0.38, -3.29, -0.20, 23.25, -12.69, -0.21, 23.25, -12.75
1.309, -1.76, 1.11, -5.61, -0.20, 23.29, -12.54, -0.20, 23.28, -12.58
1.337, -0.53, -0.81, 1.85, -0.16, 23.27, -12.20, -0.17, 23.28, -12.27
1.364, -0.27, -0.57, 3.26, -0.15, 23.27, -11.83, -0.15, 23.27, -11.92
1.391, 0.12, -0.54, -0.67, -0.12, 23.26, -11.57, -0.13, 23.26, -11.64
1.418, -0.28, -1.76, 1.58, -0.10, 23.22, -11.26, -0.11, 23.23, -11.34
1.446, 0.53, -1.33, 6.06, -0.10, 23.20, -10.84, -0.10, 23.20, -10.93
1.473, -1.15, -0.70, 1.83, -0.14, 23.19, -10.53, -0.13, 23.19, -10.61
1.500, -1.12, 1.20, -1.13, -0.08, 23.23, -10.31, -0.09, 23.23, -10.37
1.527, -0.92, -0.69, 0.22, -0.07, 23.22, -10.06, -0.08, 23.23, -10.12
1.555, 1.92, -1.24, 4.45, 0.00, 23.20, -9.71, -0.01, 23.21, -9.79
1.582, -1.72, 0.05, -2.81, -0.04, 23.22, -9.55, -0.04, 23.21, -9.60
1.609, -1.92, 0.31, -1.82, -0.05, 23.23, -9.37, -0.05, 23.23, -9.42
1.636, -1.44, -0.45, -0.08, -0.05, 23.23, -9.16, -0.05, 23.23, -9.21
1.664, -1.37, 0.19, -1.43, 0.01, 23.24, -8.98, -0.00, 23.24, -9.02
1.691, -0.14, -0.42, 2.04, 0.03, 23.24, -8.71, 0.03, 23.24, -8.77
1.718, -0.52, -0.39, 0.25, 0.03, 23.24, -8.49, 0.03, 23.24, -8.55
1.745, 0.05, -0.36, 0.79, 0.06, 23.24, -8.27, 0.05, 23.24, -8.32
1.773, -0.82, -0.32, 0.00, 0.11, 23.24, -8.07, 0.10, 23.24, -8.12
1.800, -1.25, -0.30, -0.81, 0.14, 23.24, -7.89, 0.13, 23.24, -7.94
1.827, -2.18, 1.80, -3.20, 0.09, 23.29, -7.79, 0.10, 23.28, -7.81
1.855, -1.79, 0.01, -3.86, 0.06, 23.30, -7.70, 0.07, 23.29, -7.72
1.882, -0.34, -1.83, 2.55, 0.04, 23.25, -7.45, 0.05, 23.26, -7.50
1.909, -0.40, -1.61, 4.87, 0.06, 23.22, -7.13, 0.06, 23.23, -7.20
1.936, -0.78, -0.43, -0.07, 0.04, 23.22, -6.95, 0.04, 23.22, -7.00
1.963, -0.45, -0.02, 0.00, 0.04, 23.23, -6.77, 0.04, 23.22, -6.82
1.991, -1.04, 0.69, -0.97, 0.08, 23.25, -6.62, 0.07, 23.25, -6.66
2.018, -1.50, 0.30, -3.92, 0.09, 23.26, -6.56, 0.08, 23.26, -6.58
2.045, -0.96, -1.60, 1.22, 0.07, 23.23, -6.36, 0.07, 23.23, -6.40
2.072, -0.98, -1.47, 3.50, 0.10, 23.20, -6.10, 0.10, 23.21, -6.16
2.100, -1.34, -0.66, -0.01, 0.12, 23.19, -5.93, 0.12, 23.19, -5.98
2.127, -0.65, -0.79, 2.45, 0.14, 23.18, -5.71, 0.14, 23.18, -5.76
2.154, -0.58, -0.31, -1.26, 0.11, 23.18, -5.59, 0.12, 23.18, -5.62
2.182, -0.63, -1.00, -0.52, 0.13, 23.17, -5.45, 0.13, 23.17, -5.48
2.210, -1.27, -0.08, 0.75, 0.08, 23.18, -5.28, 0.09, 23.18, -5.32
2.237, -1.24, 0.44, -0.50, 0.06, 23.20, -5.14, 0.06, 23.20, -5.18
2.265, -1.31, 1.28, -4.37, 0.04, 23.24, -5.11, 0.05, 23.23, -5.12
2.292, -0.39, -0.69, 2.19, 0.03, 23.23, -4.91, 0.03, 23.23, -4.95
2.319, -1.03, -1.91, 0.13, 0.02, 23.19, -4.76, 0.02, 23.20, -4.80
2.346, -1.73, 0.20, -2.60, 0.02, 23.20, -4.69, 0.02, 23.20, -4.71
2.374, -1.03, -0.04, 0.81, -0.02, 23.21, -4.53, -0.02, 23.21, -4.56
2.401, -1.27, -0.57, 3.77, -0.02, 23.21, -4.29, -0.02, 23.21, -4.34
2.428, -1.37, 1.02, -5.11, -0.05, 23.24, -4.29, -0.05, 23.23, -4.30
2.455, -0.37, -0.69, 1.35, -0.08, 23.23, -4.12, -0.07, 23.23, -4.16
2.483, 0.29, -1.66, 4.01, -0.07, 23.19, -3.88, -0.07, 23.20, -3.94
2.510, -2.08, 2.06, -7.51, -0.11, 23.26, -3.96, -0.10, 23.24, -3.96
2.537, -0.92, 0.28, 1.81, -0.09, 23.27, -3.79, -0.10, 23.26, -3.82
2.564, 0.18, -2.30, 5.26, -0.10, 23.21, -3.52, -0.10, 23.22, -3.58
2.592, -0.98, -0.57, 1.17, -0.08, 23.21, -3.37, -0.09, 23.21, -3.41
2.619, -1.06, -0.63, -1.39, -0.11, 23.20, -3.29, -0.10, 23.20, -3.31
2.646, -0.32, -1.47, 3.06, -0.12, 23.17, -3.09, -0.12, 23.17, -3.13
2.673, 0.14, -0.27, 2.60, -0.10, 23.17, -2.90, -0.10, 23.17, -2.95
2.700, -1.62, 0.76, -3.24, -0.08, 23.20, -2.88, -0.09, 23.20, -2.89
2.728, -1.69, 0.55, -3.30, -0.10, 23.22, -2.86, -0.10, 23.22, -2.87
2.755, -0.87, -0.31, 1.69, -0.11, 23.22, -2.71, -0.11, 23.22, -2.74
2.782, 0.59, -1.39, 2.08, -0.06, 23.19, -2.55, -0.07, 23.20, -2.59
2.810, -0.31, -1.27, 2.85, -0.07, 23.17, -2.37, -0.07, 23.18, -2.41
2.837, -1.53, 1.17, -2.40, -0.09, 23.21, -2.33, -0.08, 23.20, -2.35
2.864, -3.08, 2.75, -7.96, -0.16, 23.29, -2.45, -0.15, 23.27, -2.43
2.891, -1.67, 0.69, -2.34, -0.20, 23.31, -2.42, -0.19, 23.30, -2.42
2.919, -0.09, -1.52, 3.17, -0.16, 23.27, -2.24, -0.16, 23.27, -2.27
2.946, 0.05, -1.73, 7.58, -0.14, 23.23, -1.94, -0.14, 23.24, -2.01
2.973, -0.07, 0.69, -2.19, -0.12, 23.25, -1.91, -0.13, 23.25, -1.93
3.000, -1.73, 0.81, -4.51, -0.16, 23.28, -1.95, -0.15, 23.27, -1.94
3.027, -0.06, -1.56, 3.58, -0.14, 23.24, -1.76, -0.14, 23.24, -1.80
3.055, -0.39, -1.56, 3.03, -0.11, 23.20, -1.60, -0.12, 23.21, -1.64
3.082, -1.15, 0.06, 1.87, -0.12, 23.21, -1.46, -0.12, 23.21, -1.50
3.109, -0.99, -0.56, -1.48, -0.12, 23.20, -1.42, -0.12, 23.20, -1.44
3.136, 0.14, -1.87, 4.72, -0.11, 23.16, -1.22, -0.11, 23.17, -1.26
3.164, 0.24, -0.90, 3.55, -0.07, 23.15, -1.05, -0.08, 23.15, -1.09
3.191, -1.32, -1.95, -1.76, -0.07, 23.11, -1.02, -0.07, 23.12, -1.03
3.218, -0.92, 0.54, -1.60, -0.07, 23.13, -0.99, -0.07, 23.13, -1.00
3.245, -0.64, -0.30, 1.34, -0.07, 23.14, -0.89, -0.07, 23.13, -0.91
3.273, -0.76, -0.34, 0.30, -0.05, 23.14, -0.81, -0.05, 23.14, -0.83
3.300, -0.01, 0.05, -0.10, -0.03, 23.15, -0.75, -0.03, 23.15, -0.76
3.327, -1.18, 0.44, -0.97, -0.07, 23.17, -0.71, -0.06, 23.17, -0.72
3.355, -1.20, 0.11, -0.83, -0.09, 23.18, -0.67, -0.08, 23.18, -0.68
3.382, -1.28, -0.75, -0.92, -0.11, 23.17, -0.63, -0.10, 23.17, -0.64
3.409, -1.41, 0.77, -0.21, -0.10, 23.20, -0.58, -0.10, 23.20, -0.59
3.436, -1.86, 0.32, -4.72, -0.13, 23.22, -0.65, -0.12, 23.21, -0.64
3.464, 0.02, -0.40, 1.50, -0.10, 23.21, -0.55, -0.11, 23.21, -0.57
3.491, 0.16, -2.38, 6.71, -0.10, 23.15, -0.32, -0.10, 23.17, -0.37
3.518, -1.02, 0.94, -1.37, -0.06, 23.19, -0.30, -0.07, 23.18, -0.31
3.545, -1.85, 0.96, -1.87, -0.12, 23.22, -0.30, -0.11, 23.21, -0.30
3.573, -0.66, -0.45, 0.18, -0.11, 23.21, -0.25, -0.11, 23.21, -0.26
3.600, -0.46, -0.87, -0.24, -0.10, 23.20, -0.21, -0.10, 23.20, -0.22
3.627, 0.05, -1.89, 2.68, -0.07, 23.16, -0.09, -0.08, 23.16, -0.11
3.654, -0.50, -0.62, 1.87, -0.06, 23.15, 0.01, -0.07, 23.15, -0.02
3.682, -1.35, 0.40, -1.87, -0.06, 23.17, 0.00, -0.06, 23.17, -0.00
3.709, -0.47, -1.47, 2.65, -0.04, 23.14, 0.11, -0.04, 23.15, 0.09
3.736, -0.47, -1.05, 2.77, -0.03, 23.12, 0.23, -0.04, 23.13, 0.20
3.763, -1.68, 1.11, -5.61, -0.09, 23.16, 0.12, -0.08, 23.16, 0.13
3.791, -1.98, 0.22, -1.68, -0.16, 23.18, 0.11, -0.14, 23.17, 0.11
3.818, -0.75, -0.26, 1.67, -0.17, 23.18, 0.19, -0.17, 23.18, 0.17
3.845, -0.01, -0.11, -0.97, -0.16, 23.19, 0.20, -0.16, 23.18, 0.19
3.872, -1.60, 0.39, -2.37, -0.19, 23.20, 0.17, -0.19, 23.20, 0.17
3.900, -2.05, -0.82, -2.04, -0.21, 23.19, 0.14, -0.21, 23.19, 0.15
3.927, -0.85, -0.95, 1.91, -0.24, 23.17, 0.23, -0.23, 23.17, 0.21
3.954, -1.11, -1.04, 2.61, -0.21, 23.15, 0.33, -0.22, 23.16, 0.30
3.981, -1.95, 1.09, -2.57, -0.22, 23.19, 0.29, -0.22, 23.18, 0.29
4.009, -1.63, 0.60, -2.42, -0.23, 23.21, 0.25, -0.22, 23.21, 0.26
4.036, -0.80, -0.20, 1.51, -0.23, 23.21, 0.31, -0.23, 23.21, 0.30
4.063, -1.08, 0.60, -0.00, -0.21, 23.23, 0.34, -0.21, 23.23, 0.33
4.090, -1.40, 0.24, -4.38, -0.25, 23.24, 0.25, -0.24, 23.24, 0.26
4.117, 0.98, -2.22, 8.79, -0.19, 23.19, 0.51, -0.20, 23.20, 0.46
4.145, -0.20, -0.53, 1.77, -0.16, 23.18, 0.58, -0.17, 23.19, 0.56
4.172, -3.24, 2.53, -10.84, -0.20, 23.26, 0.31, -0.20, 23.24, 0.35
4.199, -0.65, -1.18, 0.71, -0.21, 23.23, 0.35, -0.20, 23.23, 0.35
4.227, 1.35, -2.33, 6.00, -0.13, 23.17, 0.53, -0.15, 23.18, 0.49
4.254, 0.26, -1.05, 3.39, -0.12, 23.15, 0.64, -0.13, 23.16, 0.61
4.281, -1.63, 0.73, -4.14, -0.15, 23.18, 0.55, -0.14, 23.18, 0.56
4.309, -1.11, -0.11, 0.53, -0.18, 23.19, 0.58, -0.17, 23.18, 0.57
4.336, 0.30, -1.89, 3.75, -0.14, 23.14, 0.70, -0.14, 23.15, 0.67
4.363, -0.17, -1.49, 3.82, -0.13, 23.12, 0.81, -0.13, 23.12, 0.79
4.390, -0.95, -0.46, -0.36, -0.14, 23.11, 0.82, -0.14, 23.12, 0.81
4.417, -1.74, -1.92, -1.47, -0.14, 23.08, 0.79, -0.14, 23.08, 0.80
4.445, -0.88, -0.15, 0.32, -0.16, 23.09, 0.82, -0.15, 23.09, 0.81
4.472, -0.60, -1.56, 1.21, -0.06, 23.06, 0.86, -0.08, 23.07, 0.85
4.499, -1.46, 0.55, -0.52, -0.05, 23.09, 0.86, -0.06, 23.08, 0.86
4.526, -1.39, 0.67, -1.74, -0.05, 23.12, 0.82, -0.05, 23.11, 0.83
4.554, -0.53, 0.50, -1.78, -0.03, 23.14, 0.78, -0.04, 23.14, 0.79
4.581, -0.05, -0.37, 0.88, -0.03, 23.14, 0.82, -0.03, 23.14, 0.81
4.608, -1.95, -0.27, 1.29, -0.08, 23.15, 0.86, -0.07, 23.15, 0.85
4.635, 0.21, -1.17, 3.09, -0.05, 23.13, 0.96, -0.06, 23.13, 0.94
4.663, 0.06, -1.45, 2.86, -0.04, 23.10, 1.04, -0.05, 23.11, 1.02
4.690, -0.74, -0.10, -0.24, 0.00, 23.11, 1.04, -0.01, 23.11, 1.04
4.717, -1.89, 0.92, -5.25, -0.02, 23.15, 0.91, -0.02, 23.14, 0.93
4.744, -1.08, 0.12, -1.22, -0.02, 23.16, 0.88, -0.02, 23.16, 0.89
4.772, -0.27, -1.39, 3.33, 0.01, 23.13, 0.98, 0.00, 23.14, 0.96
4.799, -1.77, 0.04, -2.49, -0.02, 23.15, 0.92, -0.01, 23.14, 0.93
4.826, -1.05, -0.61, -1.63, -0.02, 23.14, 0.88, -0.02, 23.14, 0.89
4.853, 0.14, -1.29, 4.58, -0.01, 23.12, 1.01, -0.02, 23.12, 0.99
4.881, -1.04, 0.22, -0.29, -0.00, 23.14, 1.01, -0.01, 23.13, 1.00
4.908, -1.73, 0.55, -3.87, -0.05, 23.16, 0.91, -0.04, 23.16, 0.93
4.935, -0.58, -0.40, -0.39, -0.05, 23.16, 0.90, -0.05, 23.16, 0.91
4.962, -0.33, -1.43, 3.13, -0.05, 23.13, 0.99, -0.05, 23.14, 0.97
4.990, -1.21, -1.08, 0.13, -0.04, 23.12, 1.00, -0.04, 23.12, 0.99
5.017, -1.40, 1.12, -0.62, -0.03, 23.16, 0.98, -0.03, 23.15, 0.98
5.044, -1.65, 0.31, -2.98, -0.04, 23.18, 0.91, -0.04, 23.17, 0.92
5.072, -1.95, -1.30, 2.45, -0.10, 23.15, 0.97, -0.09, 23.16, 0.96
5.099, 0.30, -1.73, 6.59, -0.07, 23.12, 1.16, -0.07, 23.13, 1.12
5.126, -1.03, -0.91, 1.01, -0.09, 23.11, 1.19, -0.09, 23.11, 1.17
5.154, -2.27, 2.02, -2.03, -0.10, 23.17, 1.13, -0.10, 23.16, 1.14
5.181, -2.85, 1.89, -6.16, -0.14, 23.23, 0.97, -0.13, 23.22, 1.00
5.208, -1.87, 0.63, -3.90, -0.15, 23.25, 0.86, -0.14, 23.25, 0.89
5.235, -1.71, 0.05, 0.85, -0.17, 23.26, 0.89, -0.17, 23.26, 0.89
5.263, -0.19, -1.47, 4.05, -0.17, 23.22, 1.00, -0.17, 23.23, 0.98
5.290, -1.63, -1.95, -2.12, -0.19, 23.18, 0.94, -0.19, 23.19, 0.95
5.317, -1.76, 0.84, -3.63, -0.23, 23.21, 0.84, -0.22, 23.21, 0.86
5.344, -1.31, -0.66, -0.42, -0.22, 23.20, 0.83, -0.22, 23.20, 0.84
5.372, 0.42, -2.60, 6.20, -0.19, 23.14, 1.00, -0.20, 23.15, 0.97
5.399, -0.15, -0.39, 1.90, -0.16, 23.14, 1.05, -0.17, 23.14, 1.04
5.426, -0.88, -0.30, -1.40, -0.15, 23.14, 1.02, -0.16, 23.14, 1.02
5.453, -0.40, -0.40, 1.66, -0.12, 23.14, 1.06, -0.12, 23.14, 1.05
5.481, -0.17, -0.66, 1.22, -0.12, 23.14, 1.09, -0.12, 23.14, 1.09
5.508, -0.36, -0.60, 0.27, -0.10, 23.13, 1.10, -0.11, 23.13, 1.10
5.535, -0.40, 0.19, 1.10, -0.09, 23.15, 1.13, -0.09, 23.14, 1.13
5.562, -0.85, 0.69, -2.12, -0.11, 23.18, 1.07, -0.10, 23.17, 1.08
5.590, -1.56, 1.14, -4.71, -0.17, 23.21, 0.94, -0.16, 23.20, 0.97
5.617, -0.53, 0.40, -0.52, -0.17, 23.23, 0.93, -0.17, 23.22, 0.94
5.644, 0.05, -2.25, 3.79, -0.18, 23.18, 1.03, -0.18, 23.19, 1.01
5.671, -1.14, -0.59, -0.49, -0.16, 23.17, 1.02, -0.16, 23.17, 1.02
5.699, -2.15, 0.92, -2.95, -0.16, 23.20, 0.94, -0.16, 23.20, 0.95
5.726, -1.21, -0.27, 0.71, -0.18, 23.20, 0.96, -0.18, 23.20, 0.95
5.753, -0.05, -2.15, 5.58, -0.10, 23.15, 1.11, -0.11, 23.16, 1.08
5.780, -1.50, -0.04, -0.94, -0.11, 23.16, 1.08, -0.11, 23.16, 1.08
5.808, -2.50, 1.45, -5.33, -0.14, 23.21, 0.93, -0.13, 23.20, 0.96
5.835, -0.95, -0.44, -0.81, -0.13, 23.20, 0.91, -0.13, 23.20, 0.92
5.862, 0.60, -2.13, 4.54, -0.14, 23.16, 1.03, -0.14, 23.17, 1.01
5.889, 0.11, -1.45, 4.07, -0.11, 23.13, 1.14, -0.11, 23.14, 1.12
5.916, -1.28, 0.56, -2.40, -0.11, 23.15, 1.08, -0.11, 23.15, 1.08
5.944, -1.01, 0.15, -0.33, -0.12, 23.17, 1.07, -0.12, 23.16, 1.07
5.971, -0.21, -1.66, 2.46, -0.12, 23.13, 1.13, -0.12, 23.14, 1.12
5.998, -1.63, 0.95, -1.83, -0.10, 23.17, 1.08, -0.10, 23.16, 1.09
6.025, -0.87, 0.59, -5.65, -0.09, 23.19, 0.92, -0.09, 23.19, 0.96
6.053, 0.21, -0.61, 4.90, -0.09, 23.18, 1.06, -0.09, 23.19, 1.04
6.080, -0.40, -0.40, 2.04, -0.11, 23.18, 1.11, -0.11, 23.18, 1.10
6.107, -0.88, 0.45, -3.85, -0.10, 23.20, 1.00, -0.10, 23.20, 1.02
6.134, -1.48, 0.35, -3.85, -0.07, 23.22, 0.90, -0.08, 23.21, 0.92
6.162, -0.85, 0.21, 2.21, -0.11, 23.23, 0.96, -0.10, 23.22, 0.95
6.189, -1.17, 0.73, -2.87, -0.13, 23.25, 0.88, -0.12, 23.25, 0.89
6.216, -0.64, 0.48, 1.04, -0.07, 23.27, 0.90, -0.08, 23.26, 0.90
6.244, 0.56, -2.63, 5.41, -0.04, 23.20, 1.05, -0.05, 23.21, 1.02
6.271, 0.52, -1.61, 5.10, -0.01, 23.17, 1.19, -0.02, 23.18, 1.16
6.298, -1.63, 0.56, -3.16, -0.02, 23.19, 1.10, -0.02, 23.19, 1.11
6.325, -1.48, 0.06, -2.19, -0.03, 23.20, 1.04, -0.03, 23.20, 1.05
6.353, -0.50, -1.76, 2.05, -0.05, 23.16, 1.09, -0.05, 23.17, 1.09
6.380, -0.08, -1.52, 3.45, -0.03, 23.13, 1.19, -0.03, 23.14, 1.17
6.407, -1.94, 1.41, -3.45, -0.01, 23.18, 1.09, -0.01, 23.17, 1.10
6.434, -3.14, 2.63, -7.71, -0.04, 23.25, 0.88, -0.03, 23.24, 0.92
6.462, -1.50, -0.51, -3.73, -0.07, 23.24, 0.78, -0.06, 23.24, 0.80
6.489, -0.17, -1.56, 4.35, -0.02, 23.21, 0.89, -0.03, 23.21, 0.88
6.516, -0.98, -0.66, 1.26, -0.02, 23.19, 0.93, -0.02, 23.20, 0.92
6.543, -1.56, 0.42, -3.03, 0.00, 23.21, 0.84, -0.00, 23.21, 0.86
6.570, -0.85, -2.17, 2.58, -0.03, 23.16, 0.91, -0.03, 23.17, 0.90
6.598, -0.02, -0.99, 2.38, -0.02, 23.14, 0.97, -0.02, 23.15, 0.96
6.625, -2.09, 2.08, -2.85, -0.06, 23.21, 0.89, -0.05, 23.20, 0.91
6.652, -2.88, 2.64, -9.85, -0.12, 23.28, 0.63, -0.11, 23.26, 0.68
6.679, -0.88, -1.62, 1.59, -0.13, 23.24, 0.67, -0.12, 23.24, 0.67
6.707, -0.43, -1.55, 4.50, -0.11, 23.20, 0.79, -0.12, 23.21, 0.77
6.734, -1.21, -0.26, -4.37, -0.13, 23.20, 0.67, -0.13, 23.20, 0.69
6.761, 0.42, -2.75, 5.73, -0.08, 23.13, 0.82, -0.09, 23.15, 0.80
6.788, -1.94, -1.02, 2.86, -0.10, 23.12, 0.90, -0.10, 23.12, 0.88
6.816, -1.27, 0.94, -1.71, -0.14, 23.15, 0.85, -0.13, 23.15, 0.86
6.843, -0.89, -0.39, -0.68, -0.14, 23.15, 0.83, -0.14, 23.15, 0.84
6.870, -1.31, 0.22, -0.53, -0.16, 23.16, 0.82, -0.15, 23.16, 0.82
6.897, -0.69, -0.14, -1.65, -0.16, 23.17, 0.77, -0.16, 23.17, 0.78
6.925, -0.60, 0.02, 0.22, -0.14, 23.18, 0.78, -0.14, 23.18, 0.78
6.952, -0.12, -0.78, 1.06, -0.14, 23.16, 0.80, -0.14, 23.17, 0.80
6.979, -1.09, 0.34, 1.97, -0.13, 23.18, 0.86, -0.13, 23.18, 0.85
7.006, -1.34, 0.15, -2.68, -0.11, 23.19, 0.78, -0.12, 23.19, 0.80
7.033, -0.82, -1.06, 2.52, -0.14, 23.17, 0.85, -0.13, 23.17, 0.84
7.061, -0.21, -1.08, 3.65, -0.10, 23.15, 0.95, -0.11, 23.15, 0.93
7.088, -1.71, 1.50, -4.36, -0.11, 23.20, 0.83, -0.11, 23.19, 0.85
7.115, -2.91, 1.95, -6.61, -0.15, 23.25, 0.65, -0.14, 23.24, 0.69
7.142, -1.17, -0.38, -3.46, -0.13, 23.24, 0.55, -0.13, 23.24, 0.58
7.170, 0.89, -2.66, 7.64, -0.12, 23.18, 0.76, -0.12, 23.19, 0.73
7.197, 0.66, -3.24, 6.28, -0.02, 23.10, 0.93, -0.04, 23.12, 0.89
7.224, -2.15, 1.81, -3.26, -0.09, 23.16, 0.84, -0.08, 23.15, 0.85
7.252, -2.36, 1.56, -5.83, -0.14, 23.21, 0.68, -0.13, 23.20, 0.72
7.279, -1.98, 0.07, -2.37, -0.14, 23.21, 0.62, -0.14, 23.21, 0.64
7.306, 0.07, -0.58, 4.08, -0.11, 23.20, 0.73, -0.11, 23.20, 0.71
7.333, 0.20, -2.24, 4.03, -0.08, 23.15, 0.84, -0.09, 23.16, 0.81
7.361, -0.84, -1.13, 0.89, -0.09, 23.13, 0.86, -0.09, 23.14, 0.85
7.388, -1.11, -1.92, -0.94, -0.11, 23.09, 0.83, -0.10, 23.10, 0.84
7.415, -0.47, -1.08, 1.76, -0.11, 23.07, 0.88, -0.11, 23.08, 0.87
7.442, 0.30, -1.68, 5.04, -0.08, 23.04, 1.02, -0.08, 23.05, 0.99
7.469, -0.66, -0.65, 1.13, -0.11, 23.04, 1.05, -0.10, 23.04, 1.04
7.497, -0.76, -1.91, -0.32, -0.03, 23.01, 1.04, -0.05, 23.01, 1.04
7.524, -0.51, -0.79, 0.67, -0.05, 23.01, 1.06, -0.05, 23.01, 1.05
7.551, -0.71, 0.12, 0.39, -0.06, 23.03, 1.07, -0.06, 23.02, 1.06
7.578, -2.60, 1.52, -5.09, -0.09, 23.08, 0.93, -0.08, 23.07, 0.95
7.606, -2.09, 0.92, -2.94, -0.19, 23.12, 0.85, -0.17, 23.11, 0.87
7.633, -1.37, 0.12, -2.40, -0.20, 23.13, 0.78, -0.19, 23.13, 0.80
7.660, -1.95, -2.47, 4.17, -0.22, 23.08, 0.89, -0.22, 23.09, 0.87
7.687, -0.14, -1.64, 3.36, -0.23, 23.05, 0.98, -0.22, 23.06, 0.96
7.715, -1.45, 0.70, -0.90, -0.23, 23.09, 0.96, -0.23, 23.08, 0.96
7.742, -1.37, 0.76, -5.35, -0.20, 23.12, 0.81, -0.21, 23.11, 0.84
7.769, 0.21, -1.30, 6.89, -0.21, 23.10, 1.00, -0.21, 23.10, 0.97
7.796, -0.24, -1.15, 1.95, -0.19, 23.08, 1.05, -0.19, 23.08, 1.04
7.824, -0.50, -0.57, 0.42, -0.15, 23.08, 1.06, -0.16, 23.08, 1.06
7.851, -0.68, -0.18, 1.41, -0.16, 23.09, 1.10, -0.16, 23.09, 1.09
7.878, -2.06, 1.11, -3.64, -0.15, 23.13, 1.00, -0.15, 23.12, 1.02
7.905, -1.53, 0.12, -2.58, -0.15, 23.15, 0.93, -0.15, 23.14, 0.95
7.933, 0.56, -2.34, 4.51, -0.09, 23.10, 1.06, -0.10, 23.11, 1.03
7.960, 0.74, -2.33, 6.84, -0.03, 23.05, 1.24, -0.04, 23.06, 1.20
7.987, -1.52, 0.80, -3.22, -0.00, 23.09, 1.15, -0.01, 23.08, 1.16
8.014, -1.81, 0.69, -3.37, -0.05, 23.12, 1.06, -0.04, 23.12, 1.08
8.041, -0.06, -1.40, 3.68, -0.04, 23.10, 1.16, -0.04, 23.10, 1.14
8.069, -0.28, -0.98, 3.80, -0.03, 23.09, 1.26, -0.03, 23.09, 1.24
8.096, -1.37, 0.66, -1.54, -0.07, 23.12, 1.22, -0.06, 23.12, 1.23
8.123, -1.60, 0.52, -3.51, -0.10, 23.15, 1.12, -0.09, 23.14, 1.14
8.151, -0.77, -0.58, 1.87, -0.11, 23.14, 1.17, -0.11, 23.14, 1.17
8.178, -0.72, -1.00, 2.68, -0.09, 23.13, 1.25, -0.10, 23.13, 1.23
8.205, -1.66, 0.15, -1.99, -0.07, 23.15, 1.19, -0.07, 23.14, 1.20
8.233, -0.90, 0.19, -0.82, -0.07, 23.16, 1.17, -0.07, 23.16, 1.18
8.260, 0.60, -1.72, 5.61, -0.03, 23.13, 1.32, -0.04, 23.14, 1.29
8.287, -0.71, -0.78, 0.66, -0.01, 23.12, 1.34, -0.01, 23.13, 1.33
8.315, -1.60, 0.88, -3.32, 0.02, 23.16, 1.25, 0.01, 23.15, 1.27
8.342, -0.90, -0.57, -0.61, 0.01, 23.15, 1.23, 0.01, 23.15, 1.24
8.369, -0.40, -1.06, 2.58, 0.02, 23.14, 1.30, 0.02, 23.14, 1.29
8.396, -0.47, -0.21, 0.94, 0.06, 23.15, 1.33, 0.06, 23.15, 1.32
8.424, -1.57, 0.27, -2.33, 0.06, 23.16, 1.26, 0.06, 23.16, 1.28
8.451, -0.69, -0.63, 1.55, 0.12, 23.16, 1.31, 0.11, 23.16, 1.30
8.478, -0.34, -1.18, 2.60, 0.11, 23.14, 1.38, 0.11, 23.14, 1.36
8.505, -1.31, 0.15, -2.31, 0.11, 23.16, 1.31, 0.11, 23.15, 1.32
8.533, -1.11, -0.82, 0.84, 0.11, 23.15, 1.34, 0.11, 23.15, 1.33
8.560, -1.80, -1.68, -2.81, 0.11, 23.12, 1.26, 0.11, 23.12, 1.28
8.587, -3.44, 1.02, -5.49, 0.08, 23.16, 1.11, 0.09, 23.15, 1.14
8.614, -1.32, 1.24, 4.93, 0.05, 23.20, 1.25, 0.05, 23.19, 1.23
8.642, -1.95, -2.21, 0.13, 0.01, 23.15, 1.25, 0.02, 23.16, 1.24
8.669, 1.87, -0.75, 2.25, 0.09, 23.14, 1.31, 0.07, 23.15, 1.30
8.696, -1.02, 0.63, -0.34, 0.07, 23.17, 1.30, 0.07, 23.17, 1.30
8.723, -0.76, -0.38, -0.62, 0.03, 23.17, 1.28, 0.04, 23.17, 1.29
8.751, -0.44, -0.31, 0.06, 0.06, 23.18, 1.29, 0.06, 23.17, 1.29
8.778, -0.92, -0.11, -1.52, 0.06, 23.18, 1.24, 0.06, 23.18, 1.25
8.805, -1.00, -0.08, 0.01, 0.02, 23.19, 1.24, 0.02, 23.19, 1.25
8.832, -0.79, -0.24, -0.61, 0.01, 23.19, 1.23, 0.01, 23.19, 1.23
8.859, -0.26, -1.18, -0.06, 0.02, 23.17, 1.23, 0.02, 23.18, 1.23
8.887, -0.50, -1.34, 3.36, 0.03, 23.15, 1.32, 0.03, 23.15, 1.30
8.914, -1.39, 0.31, -0.04, 0.04, 23.17, 1.32, 0.04, 23.16, 1.31
8.941, -2.09, 1.41, -4.99, 0.01, 23.21, 1.18, 0.02, 23.20, 1.21
8.968, -1.35, -0.33, -1.23, -0.00, 23.21, 1.15, 0.00, 23.21, 1.16
8.996, -0.35, -0.62, 2.25, -0.02, 23.21, 1.21, -0.02, 23.21, 1.20
9.023, -1.47, 0.18, -1.03, -0.05, 23.22, 1.18, -0.05, 23.22, 1.18
9.050, -1.42, -0.15, -3.45, -0.06, 23.22, 1.09, -0.06, 23.22, 1.11
9.078, -1.62, -0.53, 0.77, -0.07, 23.21, 1.11, -0.07, 23.22, 1.11
9.105, -1.21, -0.05, 1.10, -0.04, 23.22, 1.14, -0.05, 23.22, 1.13
9.132, -1.03, -0.64, -2.12, -0.06, 23.21, 1.08, -0.06, 23.21, 1.09
9.159, -0.89, -0.82, -0.04, -0.08, 23.20, 1.08, -0.08, 23.20, 1.08
9.187, -0.40, -0.92, 3.18, -0.05, 23.18, 1.17, -0.06, 23.19, 1.15
9.214, -0.39, -0.47, 0.67, -0.08, 23.18, 1.18, -0.08, 23.18, 1.18
9.241, -0.92, 0.11, -1.44, -0.09, 23.19, 1.14, -0.09, 23.19, 1.15
9.268, -1.69, 0.68, -4.73, -0.11, 23.22, 1.02, -0.10, 23.21, 1.04
9.296, -0.02, -0.32, 1.89, -0.08, 23.22, 1.07, -0.08, 23.21, 1.06
9.323, 0.91, -1.62, 4.08, -0.04, 23.18, 1.18, -0.05, 23.19, 1.16
9.350, -1.82, 1.29, -4.28, -0.05, 23.22, 1.06, -0.05, 23.22, 1.08
9.377, -2.32, 2.50, -3.45, -0.13, 23.29, 0.97, -0.11, 23.28, 0.99
9.405, -0.69, -1.29, 0.49, -0.18, 23.26, 0.98, -0.16, 23.27, 0.98
9.432, 0.60, -1.83, 3.84, -0.16, 23.22, 1.09, -0.16, 23.23, 1.07
9.459, -0.62, -1.05, 0.94, -0.13, 23.20, 1.11, -0.14, 23.20, 1.10
9.486, -1.61, 0.32, -1.65, -0.18, 23.21, 1.07, -0.18, 23.21, 1.07
9.514, -1.42, -0.32, 0.12, -0.18, 23.21, 1.07, -0.18, 23.21, 1.07
9.541, -1.05, -0.26, -0.99, -0.15, 23.21, 1.04, -0.15, 23.21, 1.05
9.568, -0.93, -1.09, 1.86, -0.16, 23.19, 1.09, -0.16, 23.19, 1.08
9.595, -0.80, -1.04, 0.63, -0.09, 23.17, 1.11, -0.11, 23.17, 1.10
9.623, -1.60, -0.15, -1.39, -0.16, 23.18, 1.07, -0.15, 23.18, 1.08
9.650, -1.08, -0.28, -0.68, -0.15, 23.18, 1.05, -0.15, 23.18, 1.06
9.677, -0.63, -0.79, 2.29, -0.08, 23.16, 1.12, -0.09, 23.17, 1.10
9.704, -1.05, -0.94, -0.61, -0.13, 23.15, 1.10, -0.13, 23.15, 1.10
9.732, -0.62, -1.13, 2.71, -0.14, 23.13, 1.17, -0.14, 23.13, 1.16
9.759, -0.26, -0.75, 1.84, -0.11, 23.12, 1.22, -0.11, 23.13, 1.21
9.786, -0.70, -0.40, 0.10, -0.09, 23.12, 1.23, -0.10, 23.12, 1.22
9.813, -0.65, -0.22, 1.42, -0.08, 23.13, 1.26, -0.08, 23.13, 1.26
9.841, -0.57, -0.52, 0.29, -0.05, 23.13, 1.27, -0.06, 23.13, 1.27
9.868, -0.99, -0.48, 0.27, -0.05, 23.13, 1.28, -0.05, 23.13, 1.28
9.895, -0.94, -0.11, -0.36, -0.03, 23.14, 1.27, -0.03, 23.14, 1.27
9.922, -0.46, -0.67, 1.63, -0.01, 23.13, 1.31, -0.01, 23.13, 1.31
9.950, -0.49, 1.61, -3.46, 0.03, 23.19, 1.22, 0.02, 23.18, 1.24
9.977, -0.93, -0.47, -1.05, -0.08, 23.18, 1.19, -0.06, 23.18, 1.20
10.004, -1.64, -0.41, -5.42, -0.11, 23.18, 1.04, -0.10, 23.18, 1.07
10.031, -2.00, -1.16, 2.37, -0.11, 23.16, 1.11, -0.11, 23.17, 1.10
10.059, -0.60, -0.18, 1.29, -0.08, 23.17, 1.14, -0.09, 23.17, 1.13
10.086, -2.66, 3.85, -7.13, -0.12, 23.28, 0.95, -0.12, 23.25, 0.98
10.113, -2.23, 1.16, -2.08, -0.17, 23.31, 0.89, -0.16, 23.30, 0.91
10.141, 27.25, -17.58, -140.43, -0.11, 22.85, 18.47, -0.12, 22.94, 15.06
10.168, -250.14, -76.82, -250.20, -5.40, 20.91, 32.22, -4.38, 21.30, 28.90
10.195, 250.13, 239.59, -245.03, 0.91, 27.19, 45.35, -0.12, 26.05, 42.16
10.222, 250.13, 235.11, -91.36, 25.85, 32.98, 61.91, 20.81, 31.63, 58.08
10.250, 83.73, 222.43, 97.59, 27.19, 38.06, 82.88, 25.95, 36.81, 78.06
10.277, 203.83, 250.13, 118.11, 31.22, 43.56, 103.68, 30.19, 42.25, 98.71
10.304, 187.37, 167.19, 84.04, 35.93, 46.54, 122.80, 34.81, 45.70, 118.10
10.331, 211.73, 197.68, 94.32, 41.37, 50.11, 141.54, 40.09, 49.25, 136.99
10.359, 161.44, 239.40, 98.29, 45.41, 54.47, 159.71, 44.38, 53.46, 155.30
10.386, 168.28, 208.50, 37.73, 50.11, 57.77, 175.58, 48.99, 56.93, 171.64
10.413, 145.73, 183.99, 33.10, 54.56, 60.19, 190.70, 53.48, 59.55, 186.99
10.440, 157.08, 149.56, 55.99, 60.59, 61.56, 205.82, 59.21, 61.17, 202.16
10.468, 121.52, 127.11, 7.03, 65.73, 62.19, 219.00, 64.46, 61.99, 215.72
10.495, 157.62, 200.60, 23.42, 71.28, 64.62, 232.05, 69.95, 64.11, 228.87
10.522, 115.36, 112.32, 46.47, 76.45, 64.61, 245.15, 75.19, 64.51, 241.98
10.549, 162.65, 124.30, -21.61, 82.42, 64.84, 255.87, 81.02, 64.78, 253.18
10.576, 94.86, 144.78, 27.32, 87.01, 65.53, 245.99, 85.84, 65.39, 247.39
10.604, 64.10, 86.68, -8.12, 90.59, 64.64, 256.85, 89.67, 64.79, 255.01
10.631, 92.98, 105.02, 33.70, 94.92, 64.22, 246.94, 93.90, 64.33, 248.51
10.658, 68.93, 94.18, -74.34, 98.62, 63.49, 255.78, 97.70, 63.65, 254.36
10.686, 47.53, 155.34, -47.78, 101.46, 64.31, 264.83, 100.73, 64.19, 262.80
10.713, 18.46, 81.50, 9.04, 103.58, 63.16, 274.96, 103.03, 63.36, 272.60
10.740, 5.93, 107.56, -8.24, 105.05, 62.66, 284.13, 104.66, 62.80, 281.89
10.767, -12.96, 136.14, -9.13, 106.31, 62.88, 292.80, 105.98, 62.87, 290.67
10.795, -44.19, 90.70, -26.94, 106.98, 61.88, 300.57, 106.79, 62.07, 298.65
10.822, 12.21, 146.27, 11.39, 107.11, 62.30, 308.93, 107.05, 62.26, 306.93
10.849, 4.57, 94.74, 29.86, 109.64, 61.34, 317.41, 109.14, 61.52, 315.37
10.876, -65.53, 96.80, 80.69, 108.80, 60.43, 326.86, 108.87, 60.64, 324.63
10.904, -22.99, 79.67, 35.39, 109.44, 59.10, 313.30, 109.33, 59.40, 315.50
10.931, -54.74, 68.80, 38.55, 109.10, 57.52, 300.25, 109.14, 57.88, 303.22
10.958, -8.50, 79.47, 43.15, 109.48, 56.27, 287.78, 109.41, 56.58, 290.77
10.985, -0.92, 73.18, 10.97, 110.43, 54.88, 274.84, 110.23, 55.21, 277.92
11.013, -25.95, 149.65, -72.06, 110.40, 55.46, 260.03, 110.37, 55.41, 263.52
11.040, -20.76, 47.39, 42.94, 110.96, 53.39, 248.78, 110.84, 53.79, 251.64
11.067, -7.05, 105.28, 43.67, 111.14, 52.87, 237.94, 111.09, 53.05, 240.60
11.094, -1.84, 77.82, 7.84, 111.52, 51.65, 226.52, 111.44, 51.92, 229.26
11.122, 3.00, 77.72, 20.32, 111.86, 50.47, 215.85, 111.78, 50.74, 218.42
11.149, -27.66, 83.12, 5.44, 111.51, 49.45, 205.12, 111.56, 49.70, 207.69
11.177, -15.78, 63.20, 0.03, 111.25, 47.95, 194.60, 111.31, 48.29, 197.14
11.204, -0.62, 66.12, -7.29, 111.46, 46.58, 184.24, 111.43, 46.91, 186.75
11.231, 4.58, 49.08, 3.84, 111.26, 44.83, 174.55, 111.29, 45.24, 176.92
11.258, 6.54, 49.78, -97.99, 111.55, 43.17, 162.43, 111.50, 43.57, 165.25
11.286, -5.75, 75.66, -73.84, 111.37, 42.25, 172.72, 111.39, 42.51, 171.27
11.313, 28.86, 8.45, -122.80, 111.26, 39.63, 181.20, 111.29, 40.19, 179.27
11.340, 25.27, 57.61, -30.93, 112.66, 38.41, 191.72, 112.40, 38.76, 189.30
11.367, 25.24, -33.56, 109.06, 113.22, 34.92, 205.60, 113.06, 35.67, 202.43
11.395, 1.60, -38.28, 132.59, 112.59, 31.49, 198.30, 112.68, 32.30, 199.10
11.422, 2.84, -78.18, 75.06, 112.84, 27.24, 189.80, 112.81, 28.23, 191.60
11.449, 1.14, -117.51, -25.60, 112.49, 22.23, 178.92, 112.56, 23.39, 181.38
11.476, -0.60, -161.51, -22.58, 111.94, 16.41, 168.49, 112.06, 17.77, 171.00
11.504, -3.17, -230.84, -42.94, 112.27, 9.16, 157.87, 112.23, 10.83, 160.42
11.531, -9.81, -250.14, -60.11, 112.47, 1.85, 147.12, 112.43, 3.60, 149.71
11.558, 22.13, -250.14, -84.57, 112.60, -5.02, 157.44, 112.56, -3.35, 155.94
11.585, 5.85, -247.95, -78.74, 113.19, -11.41, 167.45, 113.07, -9.85, 165.22
11.613, 0.63, -250.14, -101.84, 113.26, -17.42, 176.37, 113.22, -15.95, 174.20
11.640, -6.33, -236.17, -107.05, 113.11, -22.65, 184.69, 113.14, -21.35, 182.65
11.667, 6.56, -226.69, -119.94, 113.51, -27.28, 192.23, 113.44, -26.13, 190.37
11.694, -13.56, -209.39, -97.99, 113.43, -31.13, 199.93, 113.43, -30.16, 198.07
11.722, -28.94, -218.86, -139.43, 112.57, -34.96, 206.08, 112.73, -34.03, 204.53
11.749, -32.82, -202.66, -116.78, 111.63, -38.05, 212.45, 111.84, -37.27, 210.91
11.776, -36.75, -187.91, -110.97, 110.79, -40.51, 218.57, 110.99, -39.88, 217.09
11.804, -34.44, -164.09, -81.60, 109.69, -42.12, 225.12, 109.95, -41.69, 223.56
11.831, -27.82, -186.10, -33.23, 108.62, -44.14, 232.61, 108.88, -43.66, 230.85
11.858, -41.87, -156.77, -83.39, 107.38, -45.17, 238.37, 107.67, -44.88, 236.91
11.885, -46.52, -142.53, -66.45, 105.77, -45.69, 244.23, 106.14, -45.53, 242.81
11.912, -45.10, -126.34, -49.00, 103.72, -45.65, 250.23, 104.19, -45.63, 248.78
11.940, -39.49, -107.25, -47.61, 101.00, -45.06, 255.94, 101.62, -45.17, 254.55
11.967, -40.63, -106.06, -46.70, 98.99, -44.38, 261.34, 99.50, -44.53, 260.02
11.994, -44.59, -98.80, -35.66, 95.92, -43.46, 266.75, 96.61, -43.67, 265.44
12.022, -38.37, -85.24, -32.03, 92.81, -42.16, 271.94, 93.55, -42.45, 270.68
12.049, -34.27, -79.17, -32.73, 90.20, -40.68, 276.82, 90.85, -41.03, 275.62
12.076, -46.35, -100.33, -11.85, 87.14, -39.75, 281.98, 87.86, -40.00, 280.74
12.103, -47.00, -85.85, 6.97, 83.60, -38.42, 287.38, 84.43, -38.73, 286.09
12.130, -35.88, -62.32, -25.20, 80.01, -36.48, 291.64, 80.87, -36.92, 290.56
12.158, -36.97, -76.02, -19.68, 76.42, -34.94, 295.82, 77.28, -35.32, 294.80
12.185, -30.18, -64.34, 2.00, 72.65, -33.10, 300.33, 73.55, -33.54, 299.25
12.212, -27.44, -53.71, 7.63, 69.16, -31.03, 304.76, 70.01, -31.52, 303.69
12.240, -28.56, -58.67, 1.58, 65.45, -29.13, 308.78, 66.33, -29.59, 307.79
12.267, -21.54, -29.40, -5.99, 61.61, -26.52, 312.38, 62.52, -27.11, 311.49
12.294, -25.96, -39.44, -7.33, 57.64, -24.25, 315.72, 58.59, -24.80, 314.90
12.321, -24.68, -52.12, 3.32, 53.82, -22.37, 319.15, 54.74, -22.84, 318.32
12.349, -28.98, -50.72, 20.92, 49.89, -20.51, 322.85, 50.83, -20.96, 321.97
12.376, -22.41, -40.02, -11.08, 46.42, -18.42, 325.49, 47.28, -18.92, 324.80
12.403, -22.60, -33.13, 28.57, 42.49, -16.23, 329.04, 43.42, -16.75, 328.22
12.430, -14.06, -63.44, 65.06, 39.36, -14.89, 333.40, 40.15, -15.25, 332.39
12.458, -16.38, -52.91, 72.06, 36.06, -13.31, 337.79, 36.86, -13.68, 336.74
12.485, -19.78, -67.02, 130.16, 32.95, -12.13, 343.60, 33.71, -12.43, 342.27
12.512, -9.28, -54.89, 59.30, 30.88, -10.65, 347.31, 31.43, -11.00, 346.33
12.539, -16.74, -23.53, 38.68, 27.90, -8.42, 350.31, 28.58, -8.92, 349.54
12.567, -17.81, -46.64, 96.52, 25.43, -6.86, 354.75, 26.04, -7.26, 353.74
12.594, -21.48, -58.99, 117.89, 22.81, -5.67, 359.62, 23.44, -5.98, 358.47
12.621, -18.62, -63.97, 118.97, 20.64, -4.63, 364.40, 21.18, -4.89, 363.25
12.648, -32.28, -79.16, 145.42, 18.02, -4.00, 369.77, 18.63, -4.17, 368.51
12.676, -19.61, -68.58, 102.36, 16.14, -3.10, 373.84, 16.62, -3.31, 372.81
12.703, -47.24, -79.66, 132.30, 13.28, -2.49, 378.63, 13.93, -2.65, 377.50
12.730, -44.71, -42.51, 3.75, 11.50, -0.93, 379.80, 11.97, -1.27, 379.35
12.757, 24.11, 32.40, -32.17, 11.30, 2.48, 379.88, 11.43, 1.75, 379.78
12.785, 95.27, 62.37, -40.32, 12.88, 6.49, 379.63, 12.60, 5.57, 379.66
12.812, 203.74, 191.20, -120.17, 17.04, 13.59, 377.12, 16.18, 12.04, 377.61
12.839, 228.17, 250.13, -146.04, 21.03, 21.76, 373.82, 20.08, 19.87, 374.56
12.866, 196.28, 250.13, -2.59, 23.77, 29.46, 374.33, 23.05, 27.60, 374.37
12.894, 192.20, 244.50, 11.16, 26.94, 36.56, 375.14, 26.19, 34.82, 374.99
12.921, 192.60, 247.06, 31.23, 30.81, 43.27, 376.42, 29.92, 41.63, 376.15
12.948, 171.45, 250.13, -26.74, 33.34, 49.60, 376.04, 32.68, 48.05, 376.06
12.975, 42.66, 250.13, -47.83, 37.86, 55.54, 375.02, 36.85, 54.09, 375.22
13.003, 64.95, 250.06, 123.54, 41.45, 61.11, 378.60, 40.56, 59.74, 377.94
13.030, 57.78, 205.08, 88.00, 45.29, 65.12, 381.14, 44.37, 64.07, 380.52
13.057, 41.11, 193.83, 66.73, 49.07, 68.60, 383.07, 48.16, 67.73, 382.58
13.084, 3.15, 165.26, 74.23, 51.84, 71.03, 385.12, 51.12, 70.39, 384.62
13.112, -20.54, 195.50, 80.13, 53.68, 74.05, 387.29, 53.18, 73.34, 386.77
13.139, -22.26, 167.71, 45.95, 55.42, 76.13, 388.48, 54.99, 75.59, 388.15
13.166, -11.49, 138.76, 54.59, 57.23, 77.28, 389.88, 56.80, 76.96, 389.54
13.194, -0.88, 138.85, 73.79, 59.50, 78.28, 391.74, 58.98, 78.02, 391.31
13.221, -22.79, 138.65, 61.79, 60.83, 79.14, 393.24, 60.47, 78.93, 392.86
13.248, -23.93, 151.45, 32.01, 62.66, 80.21, 393.88, 62.23, 79.96, 393.68
13.275, -5.29, 143.79, 84.39, 64.25, 80.94, 374.52, 63.86, 80.75, 378.24
13.303, 30.24, 117.89, 49.75, 66.51, 80.89, 354.98, 66.00, 80.86, 359.50
13.330, -1.66, 141.18, 70.06, 68.26, 81.34, 336.75, 67.82, 81.25, 341.18
13.357, -1.78, 128.89, 75.43, 69.94, 81.41, 319.41, 69.53, 81.38, 323.63
13.384, -0.86, 125.73, 64.18, 71.44, 81.31, 302.48, 71.07, 81.32, 306.59
13.411, -13.21, 119.72, 80.55, 72.48, 80.98, 286.70, 72.20, 81.04, 290.57
13.439, -10.69, 120.23, 72.03, 73.44, 80.61, 271.38, 73.20, 80.69, 275.11
13.466, -12.23, 101.71, 60.24, 74.52, 79.72, 256.40, 74.26, 79.91, 260.03
13.493, -19.63, 110.05, 53.03, 75.14, 79.02, 241.88, 74.97, 79.19, 245.41
13.521, -30.38, 99.21, 41.93, 75.60, 78.01, 227.70, 75.47, 78.24, 231.14
13.548, -30.34, 92.93, 23.46, 76.03, 76.81, 213.64, 75.92, 77.09, 217.06
13.575, -28.16, 88.68, 19.34, 76.04, 75.52, 200.06, 76.02, 75.83, 203.35
13.602, -19.71, 71.56, 63.41, 76.29, 73.80, 188.26, 76.24, 74.20, 191.20
13.630, -3.53, 58.26, 63.33, 76.67, 71.78, 177.03, 76.59, 72.25, 179.77
13.657, -8.11, 61.34, 60.77, 77.27, 69.89, 166.28, 77.14, 70.34, 168.89
13.684, -6.81, 49.65, 43.96, 77.49, 67.75, 155.62, 77.42, 68.25, 158.20
13.711, -7.82, 52.47, 29.31, 77.66, 65.75, 145.08, 77.61, 66.23, 147.63
13.739, -7.79, 39.26, 35.01, 77.93, 63.47, 135.20, 77.87, 64.01, 137.61
13.766, -10.24, 31.79, 31.44, 78.01, 61.09, 125.73, 77.98, 61.66, 128.04
13.793, -5.93, 29.33, 23.61, 77.78, 58.73, 116.51, 77.82, 59.30, 118.75
13.820, -4.90, 30.76, 24.88, 78.04, 56.51, 107.80, 78.00, 57.05, 109.93
13.848, -10.05, 23.92, 27.61, 78.31, 54.20, 99.60, 78.25, 54.75, 101.61
13.875, -10.02, 22.50, 27.87, 78.31, 51.95, 91.84, 78.30, 52.49, 93.74
13.902, -2.40, 30.63, 36.34, 78.24, 50.00, 84.73, 78.25, 50.49, 86.48
13.930, -6.89, 32.36, 30.30, 78.35, 48.18, 77.87, 78.33, 48.63, 79.54
13.957, -8.32, 29.94, 44.84, 78.12, 46.38, 71.79, 78.16, 46.82, 73.30
13.984, -4.87, 29.66, 44.73, 77.98, 44.65, 66.11, 78.02, 45.07, 67.51
14.011, -10.87, 24.86, 20.76, 77.65, 42.87, 60.13, 77.72, 43.30, 61.56
14.038, -9.63, 30.16, 29.94, 76.97, 41.32, 54.75, 77.11, 41.70, 56.08
14.066, -3.18, 15.24, 29.56, 76.77, 39.45, 49.70, 76.83, 39.88, 50.94
14.093, -7.27, 14.52, 17.68, 76.53, 37.65, 44.65, 76.59, 38.08, 45.87
14.120, -10.31, 15.66, 14.80, 76.13, 35.97, 39.85, 76.22, 36.38, 41.02
14.148, -4.34, 8.60, 16.26, 75.80, 34.18, 35.35, 75.88, 34.61, 36.44
14.175, -2.21, -2.55, 12.45, 75.39, 32.22, 31.08, 75.48, 32.68, 32.12
14.202, 2.49, -29.75, 8.55, 74.82, 29.66, 26.97, 74.95, 30.25, 27.97
14.230, -2.39, -58.98, -21.43, 74.71, 26.48, 22.29, 74.76, 27.21, 23.39
14.257, -16.31, -85.95, -25.44, 74.85, 22.81, 17.79, 74.83, 23.66, 18.88
14.284, -29.50, -126.10, -71.29, 74.17, 18.32, 12.29, 74.30, 19.36, 13.57
14.312, 3.85, -141.52, -116.61, 73.92, 13.73, 5.82, 73.99, 14.83, 7.33
14.339, 35.34, -162.90, -192.39, 74.48, 8.87, -2.49, 74.38, 10.03, -0.58
14.366, 75.80, -195.67, -201.24, 78.47, 3.45, -10.87, 77.68, 4.72, -8.88
14.393, 27.20, -231.47, -41.80, 81.18, -2.53, -14.65, 80.50, -1.12, -13.53
14.421, 0.32, -250.14, -16.28, 81.76, -8.58, -17.53, 81.51, -7.13, -16.75
14.448, 11.01, -214.18, -81.47, 82.85, -13.30, -21.96, 82.59, -12.09, -20.94
14.475, -9.50, -238.26, -75.67, 84.44, -18.34, -26.07, 84.08, -17.12, -25.07
14.502, -31.49, -210.73, -122.17, 84.37, -22.33, -31.27, 84.31, -21.32, -30.07
14.530, -4.53, -175.12, -129.30, 85.22, -25.09, -36.49, 85.05, -24.36, -35.24
14.557, -37.75, -212.63, -138.94, 85.77, -28.58, -41.82, 85.63, -27.76, -40.54
14.584, -37.59, -207.37, -122.49, 86.79, -31.72, -46.58, 86.57, -30.95, -45.41
14.612, -74.11, -217.28, -156.94, 85.56, -34.81, -30.70, 85.76, -34.06, -33.55
14.639, -72.60, -219.20, -137.58, 84.60, -37.71, -14.94, 84.82, -37.00, -18.56
14.666, -78.11, -213.92, -119.18, 83.84, -40.21, 0.67, 84.03, -39.59, -3.07
14.693, -108.49, -217.82, -88.12, 82.31, -42.60, 16.47, 82.65, -42.02, 12.68
14.721, -122.50, -218.24, -104.97, 79.34, -44.78, 31.19, 79.98, -44.24, 27.60
14.748, -82.03, -211.85, -107.54, 77.37, -46.58, 45.23, 77.88, -46.12, 41.81
14.775, -102.87, -228.53, 1.12, 73.77, -48.62, 61.63, 74.56, -48.13, 57.79
14.803, -62.20, -217.54, 61.11, 71.25, -50.14, 79.08, 71.89, -49.75, 74.95
14.830, -120.11, -187.73, 36.68, 66.98, -50.70, 95.29, 67.94, -50.52, 91.34
14.857, -84.95, -100.15, -1.42, 63.33, -48.88, 109.90, 64.23, -49.20, 106.30
14.884, -113.82, -99.85, 48.82, 59.31, -47.05, 125.33, 60.27, -47.47, 121.63
14.912, -80.99, -116.80, 73.54, 55.98, -45.66, 140.89, 56.81, -46.01, 137.13
14.939, -87.93, -119.76, 63.20, 52.56, -44.34, 155.65, 53.38, -44.66, 152.06
14.966, -81.92, -88.08, 10.79, 49.63, -42.19, 168.47, 50.36, -42.67, 165.28
14.993, -102.99, -70.72, 24.00, 46.10, -39.64, 181.16, 46.93, -40.23, 178.07
15.021, -118.38, -95.50, 5.70, 42.51, -37.78, 192.86, 43.37, -38.25, 189.99
15.048, -35.46, -38.24, -30.91, 40.68, -34.48, 203.10, 41.20, -35.21, 200.55
15.075, -66.35, -28.13, 3.13, 37.79, -31.04, 213.80, 38.45, -31.85, 211.22
15.102, -60.65, -44.27, -37.35, 35.53, -28.14, 222.96, 36.10, -28.86, 220.68
15.129, -47.08, -25.98, -4.35, 33.32, -24.87, 232.59, 33.86, -25.65, 230.28
15.157, -32.91, -22.53, -1.75, 31.42, -21.64, 241.88, 31.89, -22.42, 239.64
15.184, -27.24, -24.02, -31.57, 29.63, -18.58, 249.94, 30.07, -19.33, 247.94
15.211, -51.64, -28.15, 16.23, 27.09, -15.75, 258.91, 27.67, -16.45, 256.78
15.239, -40.95, -40.60, -3.35, 25.41, -13.36, 266.95, 25.85, -13.96, 264.98
15.266, -12.84, -18.86, -2.49, 23.95, -10.50, 274.64, 24.32, -11.17, 272.76
15.293, -45.20, -30.40, 29.63, 21.73, -8.05, 282.86, 22.23, -8.66, 280.90
15.320, -48.76, -49.02, 40.83, 19.68, -6.19, 291.02, 20.18, -6.67, 289.05
15.348, -13.69, -34.44, 52.43, 19.02, -4.02, 299.16, 19.24, -4.54, 297.20
15.375, -32.01, -53.54, 34.16, 17.09, -2.43, 306.46, 17.51, -2.84, 304.66
15.402, -43.32, -51.27, 58.67, 15.11, -0.84, 314.13, 15.58, -1.23, 312.29
15.429, 55.59, -17.79, 239.89, 16.33, 1.57, 326.43, 16.18, 1.02, 323.69
15.457, 54.85, 26.85, -37.61, 18.06, 4.98, 330.87, 17.69, 4.21, 329.47
15.484, 32.97, 13.01, 10.84, 18.14, 7.88, 336.35, 18.05, 7.17, 335.02
15.511, -5.31, -9.21, 34.11, 17.45, 10.05, 342.18, 17.56, 9.49, 340.79
15.538, -18.11, -11.87, 11.02, 16.51, 12.03, 325.72, 16.71, 11.54, 328.65
15.566, -33.94, -12.60, 3.82, 15.11, 13.90, 309.61, 15.42, 13.44, 313.30
15.593, -16.46, -6.24, -29.39, 14.43, 15.84, 314.53, 14.62, 15.38, 314.29
15.620, -10.49, 7.03, 16.73, 13.68, 18.00, 320.40, 13.86, 17.49, 319.21
15.647, -3.37, -4.26, 1.66, 13.15, 19.76, 304.23, 13.29, 19.32, 307.14
15.675, 1.94, -4.53, 5.35, 12.80, 21.42, 288.71, 12.90, 21.01, 292.28
15.702, -0.53, -1.65, 1.64, 12.42, 23.05, 273.61, 12.51, 22.65, 277.24
15.729, -1.05, -1.08, 0.27, 12.04, 24.59, 259.00, 12.14, 24.22, 262.54
15.756, -0.75, -1.47, 0.73, 11.69, 26.04, 244.91, 11.77, 25.68, 248.33
15.784, -0.72, -2.53, 2.42, 11.34, 27.37, 231.37, 11.43, 27.04, 234.66
15.811, -83.13, -13.80, 46.78, 9.32, 28.33, 219.52, 9.73, 28.08, 222.47
15.838, 144.53, 5.66, -196.05, 14.78, 29.74, 222.94, 13.80, 29.41, 222.85
15.865, -65.90, 41.47, 16.09, 12.88, 31.93, 231.79, 13.06, 31.44, 230.04
15.892, 96.55, 44.63, -64.65, 14.90, 34.08, 238.12, 14.54, 33.56, 236.54
15.919, -5.95, -4.18, -5.36, 14.52, 34.84, 245.74, 14.52, 34.59, 243.95
15.947, 74.66, 33.95, -0.84, 16.37, 36.51, 253.17, 16.01, 36.14, 251.38
15.974, 189.57, 117.37, -250.20, 23.12, 40.24, 253.52, 21.73, 39.44, 253.10
16.001, -36.24, 72.11, -43.21, 21.65, 42.53, 259.20, 21.67, 41.93, 258.01
16.028, 66.70, 88.73, -211.63, 23.03, 45.06, 260.01, 22.76, 44.45, 259.62
16.056, 70.69, 103.98, -130.20, 24.36, 47.80, 262.75, 24.05, 47.15, 262.15
16.083, 119.77, 135.30, -193.48, 26.93, 51.16, 263.50, 26.37, 50.38, 263.24
16.110, 108.60, 213.10, -236.29, 28.82, 56.23, 262.83, 28.34, 55.09, 262.91
16.137, 74.22, 250.13, -221.90, 29.54, 61.92, 262.29, 29.31, 60.59, 262.41
16.165, 79.60, 250.13, -168.58, 30.70, 67.24, 262.94, 30.43, 65.95, 262.84
16.192, 107.49, 250.13, -50.80, 31.08, 72.13, 266.57, 30.96, 70.93, 265.85
16.219, 50.76, 250.13, -19.68, 33.26, 76.69, 270.83, 32.81, 75.58, 269.86
16.247, 38.13, 250.13, -33.83, 37.53, 80.90, 274.46, 36.62, 79.87, 273.57
16.274, 49.11, 236.50, 28.42, 42.50, 84.43, 279.58, 41.36, 83.54, 278.41
16.301, 40.29, 233.29, 37.03, 47.80, 87.58, 284.72, 46.55, 86.79, 283.49
16.328, 27.93, 226.16, -0.42, 53.10, 90.27, 288.62, 51.83, 89.59, 287.62
16.356, 13.48, 197.97, 20.35, 57.71, 92.01, 292.90, 56.56, 91.54, 291.88
16.383, 7.02, 175.31, 38.62, 61.62, 92.96, 297.48, 60.63, 92.69, 296.39
16.410, 6.17, 166.34, 55.06, 65.68, 93.54, 302.33, 64.70, 93.38, 301.18
16.437, -2.63, 153.50, 37.73, 69.54, 93.68, 306.53, 68.60, 93.62, 305.49
16.464, -7.65, 152.92, 14.01, 73.04, 93.69, 309.91, 72.18, 93.68, 309.05
16.492, -26.05, 177.75, -91.58, 74.89, 94.24, 310.25, 74.36, 94.13, 310.01
16.519, -52.69, 156.42, 4.68, 77.48, 94.13, 313.05, 76.87, 94.13, 312.46
16.546, -45.11, 173.56, -83.18, 79.55, 94.36, 313.30, 79.03, 94.32, 313.13
16.573, -59.79, 121.05, 9.68, 81.20, 93.14, 315.92, 80.78, 93.37, 315.38
16.601, -77.56, 118.68, 8.86, 81.89, 91.83, 318.39, 81.68, 92.13, 317.80
16.628, -71.66, 119.19, 17.00, 82.92, 90.53, 320.94, 82.68, 90.84, 320.33
16.655, -57.37, 99.70, 18.84, 84.19, 88.72, 323.41, 83.89, 89.13, 322.81
16.682, -71.59, 98.46, 39.02, 84.86, 86.89, 326.30, 84.67, 87.33, 325.62
16.710, -70.83, 91.08, 57.98, 85.37, 84.90, 329.58, 85.24, 85.37, 328.81
16.737, -69.73, 112.10, 27.62, 85.84, 83.48, 331.92, 85.72, 83.85, 331.32
16.764, -90.37, 122.82, 34.47, 85.87, 82.34, 334.33, 85.84, 82.63, 333.75
16.791, -92.63, 142.72, 28.80, 85.33, 81.70, 336.49, 85.43, 81.88, 335.95
16.818, -90.83, 147.05, 28.74, 85.02, 81.13, 338.52, 85.10, 81.27, 338.02
16.846, -114.34, 126.32, 25.88, 83.76, 80.00, 340.39, 84.02, 80.24, 339.93
16.873, -91.37, 103.17, 10.61, 82.78, 78.27, 341.75, 83.02, 78.65, 341.40
16.900, -68.95, 94.27, 35.01, 82.29, 76.34, 343.68, 82.43, 76.79, 343.24
16.927, -60.67, 76.96, 27.90, 81.93, 74.01, 345.33, 82.03, 74.55, 344.93
16.955, -55.19, 64.05, 17.01, 81.58, 71.42, 346.61, 81.67, 72.03, 346.29
16.982, -63.21, 63.23, 6.72, 81.21, 68.90, 347.53, 81.30, 69.51, 347.29
17.009, -73.10, 50.84, -17.96, 80.24, 66.15, 347.70, 80.44, 66.80, 347.62
17.036, -64.32, 58.76, -3.15, 79.34, 63.71, 348.20, 79.56, 64.31, 348.08
17.064, -53.73, 50.21, -3.69, 78.68, 61.14, 348.61, 78.85, 61.75, 348.51
17.091, -75.64, 43.77, -23.49, 77.74, 58.51, 348.43, 77.96, 59.14, 348.44
17.118, -32.24, 36.97, 19.36, 77.57, 55.81, 349.35, 77.65, 56.46, 349.17
17.146, -23.38, 29.82, 17.63, 77.43, 53.03, 350.20, 77.47, 53.69, 350.00
17.173, -35.60, 32.86, -2.20, 77.03, 50.47, 350.42, 77.12, 51.09, 350.34
17.200, -46.33, 29.15, 1.22, 76.15, 47.92, 350.67, 76.34, 48.54, 350.61
17.228, -43.35, 30.45, -12.62, 75.29, 45.53, 350.50, 75.49, 46.12, 350.52
17.255, -47.85, 25.77, -26.77, 74.26, 43.13, 349.90, 74.50, 43.71, 350.02
17.282, -48.92, 27.92, -17.74, 73.24, 40.91, 349.49, 73.49, 41.46, 349.60
17.309, -28.98, 17.95, 10.13, 72.56, 38.54, 349.81, 72.74, 39.11, 349.77
17.336, -32.36, 21.02, -6.31, 71.73, 36.37, 349.64, 71.93, 36.90, 349.67
17.364, -16.86, 17.11, 10.24, 71.39, 34.21, 349.89, 71.50, 34.73, 349.84
17.391, -10.67, 4.09, 1.11, 71.14, 31.83, 349.84, 71.21, 32.40, 349.84
17.418, 6.37, -12.19, 6.55, 71.04, 29.17, 349.92, 71.07, 29.79, 349.91
17.445, 21.31, -36.84, -13.03, 71.23, 26.03, 349.43, 71.20, 26.76, 349.53
17.473, 34.21, -60.73, -45.26, 71.81, 22.46, 348.04, 71.69, 23.29, 348.33
17.500, 54.89, -88.50, -57.83, 72.94, 18.38, 346.27, 72.70, 19.34, 346.67
17.527, 70.87, -105.18, -47.13, 74.70, 14.16, 344.78, 74.31, 15.17, 345.15
17.554, 93.73, -130.27, -52.80, 76.53, 9.53, 343.10, 76.10, 10.63, 343.50
17.582, 75.89, -158.54, -74.71, 78.83, 4.47, 340.81, 78.30, 5.67, 341.33
17.609, 123.63, -179.21, -119.18, 82.30, -0.81, 337.28, 81.52, 0.45, 338.06
17.636, 157.71, -207.64, -52.19, 86.48, -6.44, 335.56, 85.52, -5.10, 336.05
17.663, 241.35, -250.14, 11.05, 92.35, -12.79, 335.55, 91.02, -11.30, 335.65
17.691, 237.17, -250.14, 156.22, 99.19, -18.75, 339.49, 97.61, -17.30, 338.74
17.718, 79.13, -217.28, 212.61, 102.00, -23.46, 344.93, 101.14, -22.26, 343.73
17.745, 75.77, -232.73, -208.97, 103.16, -28.22, 338.87, 102.77, -27.06, 339.81
17.772, 23.32, -209.03, -111.74, 106.09, -31.98, 335.47, 105.44, -31.02, 336.32
17.800, 14.08, -215.90, -185.92, 106.61, -35.67, 330.03, 106.38, -34.76, 331.26
17.827, 5.18, -208.29, -112.56, 107.27, -38.85, 326.59, 107.10, -38.06, 327.49
17.854, -19.34, -250.14, -181.72, 107.50, -42.84, 321.25, 107.42, -41.91, 322.46
17.881, -2.30, -220.05, -115.59, 108.41, -45.76, 317.70, 108.22, -45.02, 318.62
17.908, -3.15, -228.90, -67.32, 108.94, -48.65, 315.46, 108.80, -47.94, 316.07
17.936, -50.66, -242.81, -25.33, 108.13, -51.62, 314.36, 108.26, -50.90, 314.69
17.963, -34.43, -244.26, -24.60, 107.18, -54.35, 313.27, 107.39, -53.68, 313.55
17.991, -38.98, -220.12, -64.60, 104.85, -56.33, 311.08, 105.33, -55.82, 311.55
18.018, -35.89, -220.15, -18.56, 102.34, -57.96, 310.15, 102.92, -57.54, 310.42
18.045, -64.69, -247.80, -27.72, 98.57, -60.09, 308.97, 99.41, -59.60, 309.25
18.072, -60.86, -222.47, -45.59, 93.47, -61.34, 307.30, 94.63, -61.00, 307.68
18.100, -60.54, -211.58, -38.79, 88.13, -62.11, 305.82, 89.39, -61.90, 306.18
18.127, -33.72, -177.99, -14.92, 83.27, -61.86, 304.99, 84.46, -61.86, 305.22
18.154, -63.86, -152.60, -29.29, 77.33, -60.87, 303.76, 78.71, -61.06, 304.04
18.182, -62.67, -121.28, -49.30, 71.47, -59.01, 301.99, 72.88, -59.41, 302.39
18.209, -35.15, -115.85, -12.69, 66.57, -57.00, 301.23, 67.79, -57.47, 301.45
18.236, -23.59, -96.12, -26.62, 61.37, -54.48, 300.08, 62.62, -55.06, 300.35
18.263, -27.06, -64.88, 0.85, 56.46, -51.21, 299.69, 57.66, -51.96, 299.82
18.290, -12.24, -66.60, 9.81, 52.38, -48.08, 299.54, 53.40, -48.83, 299.59
18.318, 100.69, 184.53, 248.18, 68.02, -38.57, 305.90, 65.18, -40.57, 304.67
18.345, 49.25, 59.02, 241.54, 64.53, -32.78, 312.07, 64.66, -34.29, 310.64
18.372, -161.81, -46.95, 69.51, 57.49, -29.94, 313.57, 58.89, -30.79, 313.00
18.400, 38.77, 51.09, 75.04, 56.18, -24.71, 315.21, 56.70, -25.89, 314.78
18.427, -10.28, -4.41, 108.42, 53.04, -21.15, 317.78, 53.75, -22.07, 317.20
18.454, -12.88, -32.40, 89.33, 49.07, -18.45, 319.82, 49.98, -19.16, 319.31
18.481, -39.25, -20.19, 75.77, 45.88, -15.55, 321.49, 46.68, -16.25, 321.07
18.508, -35.61, -28.60, 39.70, 43.74, -12.99, 322.19, 44.31, -13.62, 321.97
18.535, 117.41, 63.46, 43.89, 45.38, -8.16, 323.02, 45.17, -9.22, 322.81
18.563, 72.98, 0.34, 250.06, 43.44, -5.20, 329.46, 43.78, -5.98, 328.16
18.590, 14.29, -57.44, 249.36, 39.22, -3.79, 335.88, 40.10, -4.21, 334.38
18.617, -95.04, -91.25, 134.40, 32.26, -3.35, 339.19, 33.79, -3.52, 338.25
18.644, 101.28, 194.98, 14.42, 31.30, 4.43, 339.23, 31.78, 2.88, 339.04
18.672, 36.49, 13.31, 24.11, 30.47, 7.14, 339.55, 30.72, 6.31, 339.45
18.699, 10.81, -0.13, -0.06, 29.18, 9.36, 339.21, 29.48, 8.77, 339.26
18.726, 19.32, -12.51, 3.58, 28.64, 11.14, 338.98, 28.80, 10.68, 339.04
18.753, -1.05, -43.53, -9.40, 27.24, 12.04, 338.41, 27.54, 11.78, 338.53
18.781, -193.20, -77.94, -58.19, 22.53, 12.07, 336.51, 23.51, 12.01, 336.90
18.808, 18.14, 174.19, 100.12, 21.99, 18.50, 338.92, 22.28, 17.24, 338.53
18.835, 235.49, -49.94, -250.20, 24.91, 18.84, 331.80, 24.40, 18.53, 333.11
18.862, 93.27, 141.63, -31.43, 25.01, 24.06, 330.65, 24.89, 22.98, 331.13
18.890, 106.57, 78.11, -46.32, 25.18, 27.34, 329.10, 25.12, 26.49, 329.50
18.917, 139.99, 137.15, -26.13, 27.32, 31.92, 328.11, 26.89, 30.86, 328.38
18.944, 162.07, 230.53, -139.12, 29.64, 38.58, 324.06, 29.10, 37.07, 324.91
18.971, 69.03, 250.13, -174.84, 29.26, 45.31, 319.05, 29.23, 43.71, 320.19
18.998, 13.21, 250.13, -128.42, 27.37, 51.64, 315.29, 27.73, 50.09, 316.25
19.025, 15.34, 250.13, -74.08, 28.06, 57.52, 313.03, 28.00, 56.08, 313.66
19.053, -0.76, 250.13, 7.22, 32.61, 63.02, 312.98, 31.71, 61.67, 313.11
19.080, -12.88, 250.13, -19.24, 33.27, 68.17, 312.21, 32.96, 66.91, 312.39
19.107, -27.61, 250.13, 88.48, 35.74, 72.94, 314.39, 35.20, 71.77, 314.00
19.134, -17.21, 245.15, 109.32, 38.78, 77.25, 317.14, 38.09, 76.19, 316.53
19.162, -23.16, 243.94, 91.97, 41.76, 81.25, 319.44, 41.05, 80.27, 318.88
19.189, -23.16, 219.96, 89.51, 44.46, 84.28, 321.66, 43.80, 83.50, 321.12
19.216, -10.14, 193.95, 100.71, 47.57, 86.39, 324.20, 46.84, 85.83, 323.61
19.244, -3.92, 190.63, 99.45, 49.84, 88.17, 326.70, 49.26, 87.72, 326.10
19.271, -32.76, 175.42, 76.64, 51.88, 89.41, 328.59, 51.37, 89.08, 328.11
19.298, -43.78, 175.94, 76.85, 53.57, 90.49, 330.49, 53.15, 90.21, 330.03
19.325, -48.02, 157.82, 77.93, 54.87, 90.97, 332.43, 54.53, 90.82, 331.97
19.352, -68.73, 167.86, 84.23, 55.48, 91.56, 334.55, 55.29, 91.42, 334.04
19.380, -92.53, 179.01, 91.47, 55.74, 92.32, 336.86, 55.65, 92.15, 336.31
19.407, -98.80, 175.66, 78.31, 55.62, 92.88, 338.82, 55.63, 92.74, 338.33
19.434, -139.18, 171.23, 55.97, 54.08, 93.20, 340.18, 54.38, 93.11, 339.82
19.461, -102.08, 174.81, 94.21, 53.36, 93.50, 342.59, 53.56, 93.42, 342.05
19.489, -81.24, 124.71, 62.49, 53.32, 92.40, 344.14, 53.37, 92.60, 343.73
19.516, -69.92, 116.69, 79.48, 53.03, 91.08, 346.15, 53.09, 91.37, 345.68
19.543, -79.74, 109.82, 44.53, 52.41, 89.57, 347.23, 52.54, 89.92, 346.93
19.570, -71.52, 102.63, 56.61, 51.98, 87.88, 348.63, 52.09, 88.28, 348.30
19.598, -60.50, 72.23, 44.90, 52.17, 85.43, 349.73, 52.16, 85.98, 349.45
19.625, -36.25, 56.02, 54.71, 51.79, 82.61, 351.09, 51.86, 83.27, 350.77
19.652, -40.70, 68.15, 30.81, 51.57, 80.20, 351.81, 51.62, 80.79, 351.60
19.679, -43.98, 53.73, 29.61, 51.79, 77.48, 352.49, 51.75, 78.13, 352.32
19.706, -49.02, 40.45, 12.35, 51.39, 74.52, 352.71, 51.46, 75.22, 352.64
19.734, -30.64, 85.43, -64.42, 51.59, 72.81, 350.84, 51.56, 73.28, 351.19
19.761, -42.27, 15.57, -21.24, 50.82, 69.34, 350.16, 50.97, 70.11, 350.36
19.788, -29.54, 24.80, 27.48, 49.92, 66.26, 350.81, 50.12, 67.01, 350.72
19.815, -8.98, 24.34, 5.34, 50.13, 63.29, 350.85, 50.13, 64.01, 350.83
19.843, -0.82, 25.01, -6.84, 50.85, 60.45, 350.57, 50.71, 61.15, 350.62
19.870, -13.60, 26.15, 3.78, 50.46, 57.77, 350.59, 50.51, 58.43, 350.60
19.897, -2.76, 11.61, 13.93, 50.87, 54.83, 350.88, 50.80, 55.53, 350.83
19.924, -5.40, 12.82, 2.92, 51.22, 52.06, 350.88, 51.14, 52.73, 350.87
19.951, -8.56, 6.38, 8.77, 51.39, 49.24, 351.04, 51.34, 49.92, 351.01
19.979, 16.05, -7.65, 20.25, 51.86, 46.20, 351.52, 51.76, 46.93, 351.42
20.006, 14.24, -20.95, -8.37, 52.41, 42.98, 351.22, 52.28, 43.75, 351.26
20.033, 20.05, -31.99, -28.07, 53.04, 39.64, 350.39, 52.89, 40.44, 350.55
20.060, 28.99, -41.11, -19.27, 53.82, 36.23, 349.79, 53.64, 37.05, 349.94
20.088, 30.42, -57.97, -45.06, 54.56, 32.57, 348.50, 54.38, 33.43, 348.78
20.115, 41.96, -92.30, -37.40, 55.59, 28.25, 347.42, 55.35, 29.26, 347.68
20.142, 15.85, -146.04, -86.64, 57.78, 22.83, 345.01, 57.31, 24.09, 345.54
20.169, 15.63, -223.53, -89.50, 58.73, 15.65, 342.50, 58.45, 17.28, 343.08
20.197, 54.88, -223.31, -126.96, 60.63, 8.94, 338.97, 60.21, 10.56, 339.77
20.224, 139.57, -233.89, -64.40, 64.59, 2.36, 337.15, 63.75, 3.95, 337.66
20.252, 147.82, -250.14, 11.07, 70.52, -4.17, 337.41, 69.21, -2.60, 337.46
20.279, 10.27, -250.14, -46.69, 69.31, -10.24, 336.10, 69.29, -8.75, 336.36
20.306, 39.24, -250.14, -208.83, 70.51, -15.99, 330.36, 70.27, -14.59, 331.52
20.333, 33.60, -210.92, -165.49, 73.53, -20.28, 325.83, 72.89, -19.17, 326.94
20.360, 9.92, -250.14, -149.85, 75.64, -25.28, 321.72, 75.11, -24.09, 322.73
20.388, -10.18, -250.14, -113.25, 76.95, -29.91, 318.61, 76.59, -28.78, 319.41
20.415, -31.56, -250.14, -105.91, 78.02, -34.23, 315.69, 77.74, -33.17, 316.41
20.442, -72.23, -250.14, 23.32, 77.94, -38.26, 316.29, 77.90, -37.27, 316.31
20.469, -156.08, -250.14, -30.39, 73.51, -41.96, 315.43, 74.36, -41.05, 315.61
20.497, -189.68, -250.14, -120.52, 66.07, -45.35, 312.13, 67.68, -44.51, 312.80
20.524, -212.33, -250.14, -99.51, 58.18, -48.43, 309.39, 60.03, -47.67, 310.06
20.551, -172.17, -247.88, -19.48, 51.36, -51.15, 308.84, 53.05, -50.47, 309.08
20.578, -166.92, -209.82, -15.91, 45.37, -52.65, 308.38, 46.86, -52.23, 308.52
20.606, -109.23, -138.77, -77.98, 41.21, -52.16, 306.23, 42.30, -52.17, 306.67
20.633, -65.78, -50.98, -40.09, 37.05, -49.33, 305.12, 38.07, -49.88, 305.42
20.660, -147.44, -88.69, -41.09, 31.98, -47.52, 303.98, 33.16, -47.98, 304.26
20.687, -82.87, -96.14, -69.79, 29.20, -45.92, 302.06, 29.97, -46.32, 302.49
20.715, -44.03, -40.94, 6.45, 26.66, -42.91, 302.22, 27.30, -43.58, 302.27
20.742, -31.65, -41.21, 8.81, 24.75, -39.99, 302.45, 25.24, -40.68, 302.41
20.769, 13.62, -64.89, 48.26, 24.03, -37.75, 303.75, 24.27, -38.32, 303.49
20.796, -27.67, -85.15, 57.55, 21.83, -36.09, 305.30, 22.30, -36.52, 304.95
20.823, -31.04, -65.05, 55.57, 20.31, -33.93, 306.80, 20.70, -34.43, 306.44
20.851, 23.48, -91.66, 250.06, 20.18, -32.49, 313.61, 20.28, -32.87, 312.22
20.878, -17.27, -80.64, 18.51, 18.92, -30.77, 314.11, 19.18, -31.18, 313.74
20.905, -53.92, -66.24, -37.97, 15.74, -28.70, 313.06, 16.41, -29.18, 313.19
20.932, -86.53, -114.77, -4.62, 12.10, -27.93, 312.93, 12.94, -28.17, 312.98
20.960, 78.21, -62.69, 250.06, 15.27, -25.80, 319.73, 14.82, -26.26, 318.42
20.987, 58.33, -57.20, 99.80, 15.16, -23.60, 322.44, 15.09, -24.12, 321.65
21.014, -72.36, 137.86, -250.20, 10.83, -16.45, 315.61, 11.66, -17.94, 316.79
21.041, -8.66, -65.95, 4.41, 10.75, -14.87, 315.73, 10.93, -15.47, 315.94
21.069, 46.92, -22.31, 186.55, 9.19, -12.26, 320.81, 9.53, -12.88, 319.86
21.096, -2.16, 17.51, 20.25, 8.21, -8.73, 321.35, 8.46, -9.54, 321.06
21.123, -1.31, -2.31, -9.32, 7.71, -5.85, 321.09, 7.85, -6.56, 321.09
21.151, 0.31, 5.73, 25.48, 7.21, -2.90, 321.79, 7.33, -3.61, 321.65
21.178, -2.13, -0.42, -3.80, 6.70, -0.26, 321.68, 6.83, -0.91, 321.68
21.205, -1.15, -0.54, -6.19, 6.31, 2.26, 321.52, 6.41, 1.64, 321.55
21.232, -0.63, -0.73, 5.87, 5.88, 4.64, 321.68, 5.98, 4.06, 321.65
21.260, -0.21, -0.24, 7.34, 5.48, 6.93, 321.88, 5.58, 6.38, 321.83
21.287, -0.56, -1.23, -0.64, 5.12, 9.08, 321.86, 5.21, 8.55, 321.85
21.314, -0.86, -0.53, 3.45, 4.75, 11.14, 321.96, 4.84, 10.63, 321.94
21.341, -0.78, -0.51, 4.18, 4.38, 13.09, 322.07, 4.47, 12.62, 322.04
21.369, -0.92, -1.02, 1.66, 4.08, 14.93, 322.12, 4.15, 14.48, 322.10
21.396, -0.94, 0.04, 0.58, 3.80, 16.69, 322.14, 3.87, 16.26, 322.13
21.423, -1.08, 1.05, -0.21, 3.51, 18.39, 322.13, 3.58, 17.98, 322.13
21.450, -0.73, 0.57, -0.45, 3.22, 19.98, 322.12, 3.29, 19.59, 322.13
21.478, -0.54, -0.41, 2.02, 2.98, 21.46, 322.18, 3.04, 21.09, 322.17
21.505, -0.61, -0.45, 2.84, 2.75, 22.84, 322.26, 2.80, 22.50, 322.25
21.532, -0.83, 0.45, -1.78, 2.53, 24.17, 322.22, 2.58, 23.85, 322.22
21.559, -0.91, -1.02, 3.00, 2.31, 25.38, 322.30, 2.36, 25.08, 322.29
21.586, -0.69, -1.27, 1.89, 2.13, 26.51, 322.36, 2.18, 26.23, 322.35
21.614, -1.36, -0.15, -0.69, 1.99, 27.60, 322.35, 2.02, 27.33, 322.35
21.641, -1.57, 1.15, -2.16, 1.81, 28.64, 322.29, 1.85, 28.39, 322.30
21.668, -1.15, 0.18, -0.19, 1.65, 29.60, 322.29, 1.69, 29.36, 322.29
21.695, -0.73, -0.03, 0.97, 1.50, 30.48, 322.32, 1.54, 30.27, 322.32
21.722, -0.60, -0.66, 1.48, 1.40, 31.29, 322.37, 1.43, 31.09, 322.36
21.750, -1.02, 0.56, -0.78, 1.25, 32.07, 322.35, 1.28, 31.88, 322.35
21.777, -0.46, 0.24, -0.55, 1.14, 32.78, 322.34, 1.17, 32.60, 322.34
21.804, -0.58, -1.58, 2.33, 1.06, 33.39, 322.41, 1.08, 33.23, 322.40
21.831, -1.93, -1.65, -4.36, 1.00, 33.94, 322.30, 1.01, 33.80, 322.32
21.858, -2.92, 3.20, 2.07, 0.99, 34.57, 322.36, 0.99, 34.42, 322.35
21.886, 0.02, 4.30, 2.07, 0.86, 35.18, 322.42, 0.89, 35.04, 322.41
21.913, -0.43, -0.21, -6.34, 0.81, 35.62, 322.25, 0.83, 35.51, 322.28
21.940, 1.37, -0.63, 10.92, 0.83, 36.01, 322.56, 0.83, 35.91, 322.50
21.967, 0.88, -0.83, 2.82, 0.74, 36.35, 322.64, 0.76, 36.26, 322.61
21.994, -0.69, 0.62, -2.73, 0.71, 36.69, 322.57, 0.72, 36.61, 322.58
22.022, -1.06, 0.40, -2.76, 0.68, 36.99, 322.50, 0.69, 36.91, 322.51
22.049, 0.04, -0.75, 3.76, 0.63, 37.22, 322.61, 0.64, 37.16, 322.59
22.076, -0.66, -0.76, 1.55, 0.61, 37.42, 322.65, 0.62, 37.37, 322.64
22.103, -1.11, 0.13, -1.23, 0.56, 37.60, 322.63, 0.57, 37.56, 322.63
22.131, -1.16, -0.36, 0.32, 0.53, 37.75, 322.64, 0.54, 37.71, 322.64
22.158, -1.39, -0.05, -0.80, 0.47, 37.88, 322.62, 0.49, 37.85, 322.63
22.185, -1.31, -0.08, -1.84, 0.44, 37.97, 322.58, 0.45, 37.95, 322.59
22.213, -0.50, -1.05, 1.98, 0.44, 38.04, 322.64, 0.44, 38.02, 322.63
22.240, -0.92, 0.19, -0.17, 0.50, 38.09, 322.64, 0.48, 38.07, 322.64
22.267, -1.44, 0.59, -0.99, 0.45, 38.13, 322.62, 0.46, 38.12, 322.62
22.295, -0.65, -0.78, 1.97, 0.46, 38.10, 322.67, 0.46, 38.11, 322.66
22.322, -0.18, -1.49, 3.03, 0.42, 38.05, 322.76, 0.43, 38.06, 322.74
22.349, -0.53, -0.76, 1.11, 0.44, 37.99, 322.80, 0.43, 38.00, 322.79
22.376, -1.09, 0.20, -1.29, 0.45, 37.94, 322.77, 0.45, 37.95, 322.77
22.403, -1.50, -0.36, -1.71, 0.47, 37.86, 322.73, 0.46, 37.88, 322.73
22.431, -0.87, -0.56, 1.05, 0.50, 37.76, 322.76, 0.49, 37.79, 322.75
22.458, -0.82, -0.24, -0.29, 0.55, 37.66, 322.76, 0.54, 37.68, 322.76
22.485, -1.22, 0.40, -2.69, 0.61, 37.55, 322.69, 0.60, 37.58, 322.70
22.512, -1.56, 0.59, -1.61, 0.64, 37.44, 322.65, 0.63, 37.47, 322.66
22.540, -1.44, 0.49, -1.49, 0.68, 37.31, 322.61, 0.67, 37.34, 322.62
22.567, -0.92, -1.11, -1.23, 0.72, 37.13, 322.58, 0.71, 37.18, 322.59
22.594, -0.30, -0.33, 2.18, 0.82, 36.97, 322.65, 0.80, 37.01, 322.63
22.621, -1.69, 0.54, -2.25, 0.87, 36.81, 322.59, 0.85, 36.85, 322.60
22.649, -1.79, -0.33, -3.61, 0.89, 36.63, 322.49, 0.89, 36.67, 322.51
22.676, -0.73, 0.21, 1.35, 0.97, 36.45, 322.53, 0.95, 36.49, 322.53
22.703, -0.29, -1.14, 3.61, 1.02, 36.23, 322.64, 1.00, 36.28, 322.62
22.731, 0.12, -2.08, 5.96, 1.05, 35.97, 322.80, 1.04, 36.03, 322.77
22.758, -1.24, 0.00, 0.25, 1.08, 35.77, 322.81, 1.07, 35.82, 322.80
22.785, -1.47, 1.47, -6.58, 1.12, 35.61, 322.64, 1.11, 35.65, 322.67
22.812, -0.12, -1.03, 2.20, 1.21, 35.37, 322.70, 1.19, 35.42, 322.70
22.840, 0.30, -1.53, 4.36, 1.28, 35.11, 322.82, 1.27, 35.17, 322.80
22.867, -0.99, 0.31, -0.58, 1.36, 34.90, 322.81, 1.34, 34.95, 322.81
22.894, -1.15, 1.03, -4.12, 1.40, 34.70, 322.70, 1.39, 34.75, 322.72
22.921, -0.63, -0.82, -0.06, 1.47, 34.46, 322.70, 1.46, 34.52, 322.71
22.948, -0.55, -0.40, 3.73, 1.55, 34.22, 322.81, 1.53, 34.28, 322.79
22.976, -1.56, 0.73, -2.23, 1.59, 34.02, 322.75, 1.58, 34.07, 322.76
23.003, -1.45, 0.53, -3.72, 1.58, 33.80, 322.65, 1.58, 33.85, 322.67
23.030, -1.05, -0.95, -0.02, 1.63, 33.54, 322.66, 1.62, 33.60, 322.66
23.057, -1.49, 0.07, -1.02, 1.73, 33.32, 322.63, 1.71, 33.37, 322.64
23.085, -0.96, 0.16, -2.35, 1.76, 33.09, 322.57, 1.75, 33.14, 322.58
23.112, -0.22, -1.37, 4.14, 1.82, 32.82, 322.68, 1.80, 32.89, 322.66
23.139, -0.45, -1.24, 2.04, 1.92, 32.56, 322.74, 1.90, 32.63, 322.73
23.166, -1.18, 0.07, 0.26, 1.96, 32.34, 322.75, 1.95, 32.40, 322.75
23.194, -1.92, 0.58, -4.36, 1.99, 32.13, 322.64, 1.98, 32.18, 322.66
23.221, -0.58, -0.59, 2.06, 2.02, 31.89, 322.69, 2.01, 31.95, 322.69
23.248, -0.35, -0.41, 1.27, 2.08, 31.66, 322.73, 2.06, 31.72, 322.72
23.275, -0.49, 0.03, 0.74, 2.14, 31.44, 322.75, 2.13, 31.49, 322.75
23.302, -0.58, -0.50, 0.05, 2.21, 31.21, 322.76, 2.19, 31.26, 322.75
23.330, -0.73, 0.03, -0.82, 2.26, 30.99, 322.74, 2.25, 31.05, 322.74
23.357, -0.83, 0.08, 0.33, 2.29, 30.78, 322.75, 2.29, 30.83, 322.75
23.384, -0.60, -0.69, 2.17, 2.32, 30.55, 322.81, 2.31, 30.61, 322.80
23.411, -1.12, -1.44, 1.22, 2.36, 30.31, 322.84, 2.35, 30.37, 322.83
23.439, -1.26, 0.31, -1.25, 2.37, 30.11, 322.81, 2.36, 30.16, 322.82
23.466, -0.64, -0.27, -0.68, 2.40, 29.91, 322.79, 2.39, 29.96, 322.80
23.493, -0.16, -0.36, 3.39, 2.45, 29.70, 322.89, 2.44, 29.75, 322.87
23.520, -1.68, 0.37, -4.90, 2.45, 29.52, 322.76, 2.45, 29.56, 322.78
23.548, -0.92, 0.34, -4.90, 2.48, 29.33, 322.62, 2.48, 29.38, 322.65
23.575, -0.73, -0.98, 0.00, 2.49, 29.12, 322.63, 2.49, 29.17, 322.63
23.602, -0.43, -0.95, 2.21, 2.50, 28.91, 322.69, 2.50, 28.96, 322.68
23.630, -0.20, -0.05, -0.29, 2.55, 28.73, 322.68, 2.54, 28.77, 322.68
23.657, -0.83, -0.37, -0.06, 2.61, 28.54, 322.68, 2.59, 28.59, 322.68
23.684, -0.92, -0.08, -0.36, 2.68, 28.36, 322.67, 2.66, 28.41, 322.67
23.711, -1.24, 0.65, -2.78, 2.70, 28.21, 322.60, 2.69, 28.25, 322.61
23.739, -0.69, 0.40, 0.84, 2.74, 28.05, 322.62, 2.73, 28.09, 322.62
23.766, -0.05, -0.80, 2.82, 2.78, 27.87, 322.70, 2.77, 27.91, 322.68
23.793, -0.24, -0.29, 1.33, 2.81, 27.70, 322.74, 2.80, 27.74, 322.73
23.820, -1.34, -0.23, -1.23, 2.81, 27.54, 322.70, 2.80, 27.58, 322.71
23.848, -1.07, -0.15, 1.87, 2.84, 27.38, 322.76, 2.83, 27.42, 322.75
23.875, -1.14, 0.44, -0.65, 2.88, 27.24, 322.74, 2.87, 27.28, 322.74
23.902, -1.42, 0.53, -3.88, 2.91, 27.11, 322.64, 2.90, 27.14, 322.66
23.930, -0.69, 0.50, -0.83, 2.92, 26.98, 322.61, 2.92, 27.01, 322.62
23.957, -0.57, -1.82, 3.42, 2.95, 26.79, 322.71, 2.94, 26.83, 322.69
23.984, -0.24, -0.34, 2.61, 2.98, 26.65, 322.78, 2.97, 26.68, 322.76
24.011, -0.86, 1.91, -0.12, 3.01, 26.56, 322.78, 3.00, 26.59, 322.77
24.039, -0.99, 0.08, 1.39, 3.03, 26.43, 322.81, 3.02, 26.46, 322.81
24.066, -3.90, 2.43, -5.02, 2.95, 26.37, 322.68, 2.97, 26.39, 322.70
24.093, -2.36, 1.57, -6.80, 2.96, 26.28, 322.49, 2.96, 26.30, 322.53
24.120, -0.44, -2.15, 5.16, 2.99, 26.10, 322.64, 2.99, 26.14, 322.62
24.148, 0.86, -1.65, 7.10, 3.04, 25.93, 322.83, 3.03, 25.97, 322.79
24.175, -1.63, 3.05, -8.42, 3.00, 25.90, 322.61, 3.01, 25.91, 322.64
24.203, -2.85, 2.21, -7.68, 2.96, 25.84, 322.40, 2.97, 25.85, 322.44
24.230, 1.63, -2.64, 8.44, 3.09, 25.65, 322.63, 3.07, 25.69, 322.59
24.257, 1.63, -4.53, 13.56, 3.16, 25.43, 323.00, 3.15, 25.48, 322.92
24.285, -0.66, 0.93, -7.49, 3.21, 25.35, 322.80, 3.20, 25.38, 322.82
24.312, -2.44, 3.02, -7.56, 3.17, 25.33, 322.59, 3.17, 25.34, 322.63
24.339, -1.95, -3.71, 4.13, 3.17, 25.14, 322.70, 3.17, 25.18, 322.69
24.366, 1.05, -3.69, 9.84, 3.21, 24.96, 322.97, 3.20, 25.00, 322.92
24.394, -1.46, 1.13, -1.58, 3.25, 24.90, 322.93, 3.24, 24.92, 322.93
24.421, -2.60, 4.17, -11.55, 3.21, 24.93, 322.61, 3.21, 24.93, 322.67
24.448, -1.32, -0.38, -1.53, 3.20, 24.84, 322.57, 3.20, 24.85, 322.59
24.475, 0.30, -1.89, 5.55, 3.22, 24.71, 322.72, 3.21, 24.74, 322.70
24.503, -0.73, -0.97, 0.85, 3.18, 24.61, 322.75, 3.19, 24.63, 322.74
24.530, -1.11, 0.73, -2.17, 3.17, 24.55, 322.69, 3.18, 24.57, 322.70
24.557, -0.42, -1.16, 0.86, 3.18, 24.45, 322.71, 3.18, 24.48, 322.71
24.584, -0.35, -2.11, 6.90, 3.24, 24.33, 322.90, 3.23, 24.36, 322.86
24.612, -0.53, 0.47, -0.94, 3.29, 24.29, 322.87, 3.28, 24.30, 322.87
24.639, -2.60, 0.54, -6.96, 3.27, 24.24, 322.68, 3.27, 24.25, 322.72
24.666, -0.94, -0.25, 2.15, 3.29, 24.18, 322.74, 3.28, 24.19, 322.74
24.694, -1.08, 0.27, 0.19, 3.28, 24.13, 322.75, 3.28, 24.14, 322.75
24.721, -1.18, 0.13, -3.74, 3.27, 24.08, 322.65, 3.27, 24.09, 322.67
24.748, -0.75, -0.93, 3.06, 3.28, 24.00, 322.73, 3.28, 24.02, 322.72
24.775, -0.09, -1.36, 0.61, 3.30, 23.92, 322.75, 3.29, 23.94, 322.74
24.802, 0.20, -3.90, 4.97, 3.31, 23.78, 322.88, 3.31, 23.81, 322.85
24.830, -0.20, -1.46, 3.13, 3.34, 23.70, 322.97, 3.33, 23.72, 322.95
24.857, -1.66, 0.63, -1.29, 3.32, 23.69, 322.93, 3.32, 23.69, 322.94
24.884, -1.85, 0.80, -4.23, 3.31, 23.68, 322.82, 3.31, 23.68, 322.84
24.911, -1.04, -0.54, 0.42, 3.30, 23.63, 322.83, 3.31, 23.64, 322.83
24.938, 0.12, -2.26, 4.46, 3.31, 23.54, 322.95, 3.31, 23.56, 322.93
24.965, -0.31, -0.15, 0.93, 3.37, 23.51, 322.98, 3.35, 23.52, 322.97
24.993, -1.76, 0.86, -4.64, 3.34, 23.51, 322.85, 3.34, 23.51, 322.87
25.020, -0.44, -0.68, 2.02, 3.34, 23.47, 322.90, 3.34, 23.48, 322.90
25.047, -0.05, -3.89, 3.49, 3.37, 23.35, 323.00, 3.36, 23.37, 322.98
25.074, -0.48, -1.06, 2.66, 3.46, 23.31, 323.07, 3.44, 23.32, 323.05
25.102, -1.28, -0.45, -0.15, 3.45, 23.28, 323.07, 3.45, 23.29, 323.06
25.129, -1.14, 0.52, -1.53, 3.48, 23.29, 323.03, 3.48, 23.29, 323.03
25.156, -0.85, 0.29, 0.34, 3.49, 23.28, 323.04, 3.49, 23.28, 323.03
25.183, -1.30, -1.85, -0.94, 3.49, 23.22, 323.01, 3.49, 23.23, 323.01
25.210, -2.04, 2.28, -4.39, 3.51, 23.27, 322.89, 3.50, 23.27, 322.91
25.238, -0.88, -0.25, -2.28, 3.49, 23.26, 322.83, 3.49, 23.26, 322.84
25.265, 0.56, -2.16, 5.33, 3.53, 23.19, 322.97, 3.52, 23.20, 322.95
25.292, -0.64, -0.89, 1.91, 3.58, 23.16, 323.02, 3.57, 23.17, 323.01
25.319, -1.28, -0.45, -1.17, 3.57, 23.15, 322.99, 3.57, 23.15, 323.00
25.346, -0.92, -0.05, 0.32, 3.61, 23.14, 323.00, 3.60, 23.15, 323.00
25.374, -0.52, -0.78, 0.77, 3.61, 23.12, 323.02, 3.61, 23.13, 323.02
25.401, -0.95, 0.40, 0.14, 3.57, 23.13, 323.03, 3.58, 23.13, 323.02
25.428, -1.37, 0.37, -4.74, 3.56, 23.14, 322.90, 3.56, 23.14, 322.92
25.456, -0.48, 0.15, -0.31, 3.61, 23.14, 322.89, 3.60, 23.14, 322.89
25.483, 0.27, -1.37, 4.58, 3.66, 23.10, 323.01, 3.64, 23.11, 322.99
25.510, 0.78, -1.24, 1.29, 3.63, 23.07, 323.05, 3.63, 23.08, 323.04
25.537, -1.41, -0.47, -1.84, 3.58, 23.06, 323.00, 3.59, 23.07, 323.01
25.564, -1.77, 0.73, -1.71, 3.53, 23.09, 322.95, 3.54, 23.08, 322.96
25.592, -1.18, -0.98, 1.63, 3.52, 23.06, 323.00, 3.52, 23.07, 322.99
25.619, -0.35, -1.50, 3.77, 3.57, 23.03, 323.10, 3.56, 23.04, 323.08
25.646, -0.82, -0.46, 1.84, 3.56, 23.02, 323.15, 3.56, 23.02, 323.14
25.674, -1.49, 0.85, -2.19, 3.58, 23.05, 323.09, 3.57, 23.05, 323.10
25.701, -1.47, -0.05, -1.60, 3.56, 23.05, 323.05, 3.57, 23.05, 323.06
25.728, -0.57, -0.87, 0.16, 3.57, 23.04, 323.05, 3.57, 23.04, 323.05
25.755, -0.82, -0.18, 2.00, 3.57, 23.04, 323.10, 3.57, 23.04, 323.09
25.782, -1.11, 0.02, -2.52, 3.58, 23.05, 323.04, 3.58, 23.04, 323.05
25.810, -0.72, -0.38, -0.13, 3.60, 23.04, 323.03, 3.59, 23.04, 323.03
25.837, -0.73, -0.82, 2.46, 3.59, 23.03, 323.10, 3.59, 23.03, 323.09
25.864, -1.47, 0.66, -3.61, 3.60, 23.05, 323.00, 3.60, 23.05, 323.02
25.891, -1.30, 0.47, -2.00, 3.59, 23.07, 322.95, 3.59, 23.07, 322.96
25.919, -0.40, -1.64, 1.87, 3.62, 23.04, 323.00, 3.62, 23.04, 322.99
25.946, 1.92, -1.22, 3.20, 3.72, 23.01, 323.08, 3.70, 23.02, 323.07
25.973, -1.15, -0.11, -0.14, 3.69, 23.02, 323.08, 3.69, 23.02, 323.08
26.001, -1.34, 0.09, -2.58, 3.69, 23.03, 323.01, 3.69, 23.03, 323.02
26.028, -0.58, 1.94, 0.43, 3.70, 23.09, 323.02, 3.70, 23.08, 323.02
26.055, -0.47, -0.71, 1.18, 3.75, 23.08, 323.05, 3.74, 23.08, 323.05
26.082, -0.78, -0.11, -0.51, 3.74, 23.08, 323.04, 3.74, 23.08, 323.04
26.110, -0.69, 0.02, 1.33, 3.75, 23.09, 323.08, 3.75, 23.09, 323.07
26.137, -0.32, -1.46, 1.28, 3.78, 23.06, 323.11, 3.77, 23.06, 323.10
26.164, -0.89, 0.11, -0.61, 3.74, 23.07, 323.09, 3.75, 23.07, 323.10
26.191, -0.90, 0.50, -0.87, 3.73, 23.09, 323.07, 3.74, 23.09, 323.07
26.219, -1.02, -0.42, -0.31, 3.73, 23.09, 323.06, 3.73, 23.09, 323.06
26.246, -0.95, 0.01, 0.89, 3.67, 23.10, 323.09, 3.68, 23.09, 323.08
26.273, -1.21, -0.40, -0.69, 3.64, 23.09, 323.07, 3.65, 23.09, 323.07
26.301, -0.49, -0.63, -0.02, 3.67, 23.09, 323.07, 3.66, 23.09, 323.07
26.328, -0.88, 0.51, -1.42, 3.69, 23.11, 323.03, 3.68, 23.10, 323.04
26.355, -1.30, -0.27, 0.66, 3.67, 23.11, 323.05, 3.67, 23.11, 323.04
26.383, -0.59, -1.21, 2.32, 3.66, 23.08, 323.11, 3.66, 23.09, 323.10
26.410, -0.99, -0.66, 1.17, 3.63, 23.08, 323.14, 3.64, 23.08, 323.13
26.437, -1.22, 0.38, -2.38, 3.61, 23.10, 323.08, 3.61, 23.09, 323.09
26.464, -1.26, 0.15, -1.39, 3.59, 23.11, 323.04, 3.60, 23.10, 323.05
26.492, 0.02, -1.47, 3.30, 3.62, 23.08, 323.13, 3.61, 23.08, 323.11
26.519, -0.26, -0.92, 1.25, 3.64, 23.07, 323.16, 3.63, 23.07, 323.15
26.546, -1.25, 0.20, -1.11, 3.61, 23.08, 323.13, 3.61, 23.08, 323.13
26.573, -1.33, 0.61, -1.57, 3.60, 23.11, 323.09, 3.60, 23.10, 323.10
26.601, -1.27, -0.07, -0.74, 3.54, 23.12, 323.07, 3.56, 23.11, 323.07
26.628, 0.08, -0.87, 3.23, 3.60, 23.10, 323.16, 3.59, 23.10, 323.14
26.655, -0.13, -1.08, 2.34, 3.61, 23.08, 323.22, 3.60, 23.09, 323.20
26.682, -1.47, 0.21, -2.40, 3.61, 23.10, 323.15, 3.61, 23.10, 323.16
26.710, -2.00, 2.63, -4.12, 3.55, 23.18, 323.04, 3.56, 23.16, 323.07
26.737, -1.73, 0.95, -4.99, 3.52, 23.21, 322.91, 3.53, 23.20, 322.94
26.764, -0.15, -1.82, 4.77, 3.50, 23.16, 323.04, 3.51, 23.17, 323.02
26.792, -0.34, -1.52, 2.81, 3.53, 23.13, 323.11, 3.52, 23.14, 323.09
26.819, -0.73, 0.90, -2.21, 3.53, 23.16, 323.05, 3.53, 23.16, 323.06
26.846, -0.65, -0.51, -0.72, 3.48, 23.16, 323.03, 3.49, 23.16, 323.04
26.873, -0.86, -1.76, 3.10, 3.48, 23.12, 323.12, 3.48, 23.13, 323.10
26.901, -0.85, -0.38, 0.79, 3.55, 23.12, 323.14, 3.53, 23.12, 323.13
26.928, -0.77, 0.27, -1.70, 3.58, 23.14, 323.09, 3.57, 23.13, 323.10
26.955, -1.20, -0.04, 0.46, 3.53, 23.15, 323.10, 3.54, 23.14, 323.10
26.982, -0.85, -0.62, -1.35, 3.56, 23.14, 323.07, 3.56, 23.14, 323.07
27.010, -0.29, -0.91, 2.20, 3.58, 23.12, 323.13, 3.57, 23.13, 323.12
27.037, -1.15, -0.46, 1.87, 3.56, 23.12, 323.18, 3.56, 23.12, 323.17
27.064, -1.03, 0.68, -0.84, 3.56, 23.15, 323.16, 3.56, 23.15, 323.16
27.092, -1.60, -0.55, -1.58, 3.57, 23.14, 323.11, 3.57, 23.14, 323.12
27.119, -0.33, -0.60, 1.80, 3.56, 23.14, 323.16, 3.56, 23.14, 323.15
27.146, -0.75, -1.34, 2.20, 3.59, 23.11, 323.22, 3.59, 23.12, 323.21
27.174, -1.43, 0.35, -2.39, 3.65, 23.14, 323.16, 3.64, 23.13, 323.17
27.201, -0.70, 0.41, -1.04, 3.63, 23.16, 323.13, 3.63, 23.15, 323.14
27.229, -1.11, -1.24, 2.37, 3.63, 23.13, 323.19, 3.63, 23.14, 323.18
27.256, -0.31, -0.99, 0.12, 3.71, 23.12, 323.20, 3.70, 23.12, 323.19
27.284, -0.98, -0.21, 0.55, 3.70, 23.12, 323.21, 3.70, 23.12, 323.21
27.311, -1.03, -0.02, -2.69, 3.68, 23.14, 323.14, 3.68, 23.13, 323.15
27.339, -0.58, -0.40, -0.07, 3.70, 23.14, 323.13, 3.69, 23.14, 323.14
27.366, -0.81, -0.92, 2.29, 3.66, 23.12, 323.20, 3.67, 23.13, 323.19
27.394, -1.45, -0.58, 0.20, 3.68, 23.12, 323.20, 3.68, 23.12, 323.20
27.422, -1.02, -0.53, 0.66, 3.68, 23.12, 323.22, 3.68, 23.12, 323.22
27.449, -0.73, -1.52, 2.72, 3.66, 23.09, 323.30, 3.67, 23.10, 323.28
27.476, -0.34, -1.40, 2.90, 3.63, 23.07, 323.38, 3.64, 23.08, 323.36
27.504, -1.10, 0.25, -0.24, 3.61, 23.09, 323.37, 3.62, 23.09, 323.37
27.531, -1.42, 1.55, -4.16, 3.57, 23.15, 323.26, 3.58, 23.14, 323.28
27.558, -0.72, -0.07, -1.22, 3.58, 23.16, 323.22, 3.58, 23.15, 323.23
27.585, -0.51, -1.15, 2.35, 3.56, 23.14, 323.29, 3.56, 23.14, 323.28
27.613, -1.35, -0.07, -0.61, 3.59, 23.15, 323.27, 3.58, 23.15, 323.27
27.640, -0.07, 1.04, -5.29, 3.63, 23.19, 323.13, 3.62, 23.18, 323.15
27.667, -1.42, -0.20, 0.05, 3.63, 23.19, 323.13, 3.63, 23.19, 323.13
27.694, -0.11, -1.88, 4.75, 3.64, 23.16, 323.26, 3.64, 23.16, 323.23
27.721, -0.84, -0.80, -1.62, 3.63, 23.15, 323.21, 3.63, 23.15, 323.22
27.748, -1.63, 0.47, -0.40, 3.62, 23.17, 323.20, 3.62, 23.17, 323.20
27.776, -1.32, 0.75, -2.54, 3.63, 23.20, 323.13, 3.62, 23.19, 323.15
27.803, -1.13, -0.23, -0.97, 3.63, 23.20, 323.11, 3.63, 23.20, 323.11
27.830, -0.15, -0.98, 0.61, 3.62, 23.19, 323.12, 3.62, 23.19, 323.12
27.857, -0.40, -1.18, 5.90, 3.60, 23.17, 323.28, 3.60, 23.17, 323.25
27.884, -0.89, -0.25, -1.29, 3.67, 23.17, 323.25, 3.66, 23.17, 323.25
27.911, -1.85, 0.79, -3.74, 3.66, 23.20, 323.15, 3.66, 23.20, 323.17
27.938, -0.82, -1.29, 1.14, 3.65, 23.18, 323.18, 3.65, 23.18, 323.18
27.966, -0.08, -1.62, 4.43, 3.67, 23.15, 323.30, 3.67, 23.15, 323.27
27.993, -1.72, -0.34, 0.02, 3.63, 23.15, 323.30, 3.63, 23.15, 323.29
28.020, -2.40, 2.23, -7.27, 3.65, 23.22, 323.10, 3.64, 23.21, 323.14
28.047, -1.24, -0.69, 0.49, 3.63, 23.21, 323.11, 3.63, 23.21, 323.12
28.075, -1.92, -1.35, 5.55, 3.56, 23.19, 323.27, 3.58, 23.19, 323.24
28.102, -0.95, -0.98, -0.26, 3.55, 23.17, 323.26, 3.56, 23.18, 323.25
28.129, -0.92, -0.44, -0.26, 3.53, 23.17, 323.25, 3.53, 23.17, 323.25
28.156, 1.89, -0.47, 3.45, 3.61, 23.17, 323.35, 3.59, 23.17, 323.33
28.183, -0.73, -0.33, 0.61, 3.60, 23.18, 323.36, 3.60, 23.18, 323.35
28.211, -1.57, 1.11, -5.00, 3.58, 23.22, 323.23, 3.59, 23.21, 323.25
28.238, -1.48, 1.18, -3.81, 3.54, 23.26, 323.12, 3.55, 23.25, 323.15
28.265, -0.56, -1.12, 1.72, 3.56, 23.23, 323.17, 3.56, 23.24, 323.16
28.292, 1.92, -1.21, 1.82, 3.61, 23.21, 323.22, 3.60, 23.22, 323.21
28.320, -0.70, 1.40, -3.49, 3.56, 23.26, 323.12, 3.57, 23.25, 323.14
28.347, -0.77, -1.24, 2.16, 3.59, 23.23, 323.18, 3.58, 23.23, 323.17
28.374, -0.62, -1.06, 2.10, 3.56, 23.21, 323.24, 3.57, 23.22, 323.23
28.401, -1.98, 2.67, -7.69, 3.52, 23.29, 323.03, 3.53, 23.28, 323.07
28.428, -0.47, -1.85, 4.86, 3.51, 23.25, 323.16, 3.51, 23.25, 323.14
28.455, 0.48, -3.67, 7.77, 3.57, 23.16, 323.37, 3.56, 23.18, 323.33
28.482, -1.60, 1.44, -3.63, 3.56, 23.21, 323.27, 3.56, 23.20, 323.28
28.509, -2.19, 2.92, -7.56, 3.55, 23.29, 323.07, 3.56, 23.28, 323.11
28.537, -0.15, -1.60, 4.69, 3.56, 23.26, 323.19, 3.56, 23.26, 323.18
28.564, 0.77, -2.85, 6.84, 3.62, 23.19, 323.38, 3.61, 23.20, 323.34
28.591, -1.37, 1.33, -4.39, 3.65, 23.24, 323.26, 3.64, 23.23, 323.28
28.618, -0.99, 0.40, -0.86, 3.63, 23.25, 323.24, 3.63, 23.25, 323.24
28.645, -0.05, -2.19, 4.84, 3.63, 23.20, 323.37, 3.63, 23.21, 323.34
28.673, -1.36, -0.37, -0.61, 3.59, 23.20, 323.35, 3.60, 23.21, 323.35
28.700, -2.05, 1.40, -5.92, 3.56, 23.25, 323.19, 3.57, 23.24, 323.22
28.727, -0.47, -2.41, 5.55, 3.57, 23.19, 323.34, 3.57, 23.20, 323.32
28.755, 0.27, -2.58, 5.45, 3.63, 23.14, 323.49, 3.62, 23.15, 323.46
28.782, -1.81, 0.02, -5.73, 3.62, 23.15, 323.33, 3.62, 23.15, 323.36
28.809, -3.91, 2.05, -6.32, 3.51, 23.22, 323.16, 3.53, 23.21, 323.20
28.836, -0.65, -2.53, 2.27, 3.43, 23.16, 323.22, 3.45, 23.17, 323.22
28.864, -0.56, -1.92, 4.78, 3.47, 23.13, 323.35, 3.47, 23.14, 323.33
28.891, -1.89, 0.47, -2.93, 3.47, 23.15, 323.27, 3.47, 23.15, 323.28
28.918, -1.58, 0.92, -2.49, 3.49, 23.19, 323.21, 3.49, 23.18, 323.22
28.945, 59.71, -52.40, -34.65, 2.72, 21.84, 322.26, 2.87, 22.10, 322.45
28.972, -130.99, -4.13, -59.07, -1.62, 21.83, 320.66, -0.74, 21.88, 321.01
29.000, 145.70, 229.63, -232.71, 3.31, 27.81, 314.32, 2.52, 26.65, 315.62
29.027, 250.13, 113.18, -65.06, 10.07, 30.45, 312.55, 8.60, 29.71, 313.14
29.054, 138.92, 86.70, -99.12, 13.00, 32.22, 309.85, 12.14, 31.73, 310.49
29.081, 250.13, 250.13, 19.77, 19.01, 38.07, 310.39, 17.68, 36.84, 310.41
29.109, 176.91, 113.68, 65.11, 23.71, 40.09, 312.16, 22.54, 39.46, 311.82
29.136, 207.48, 149.21, 94.24, 29.31, 42.83, 314.72, 27.99, 42.18, 314.16
29.163, 250.13, 189.84, 56.93, 35.37, 46.45, 316.28, 33.94, 45.62, 315.87
29.190, 229.83, 167.73, 12.60, 41.61, 49.23, 316.62, 40.12, 48.52, 316.47
29.217, 250.13, 142.75, -117.43, 48.05, 51.17, 313.43, 46.50, 50.65, 314.02
29.245, 164.37, 130.59, -40.39, 53.04, 52.65, 312.32, 51.78, 52.26, 312.65
29.272, 141.25, 150.52, -72.31, 57.81, 54.49, 310.36, 56.64, 54.06, 310.81
29.299, 131.36, 115.95, -82.24, 62.78, 55.32, 308.12, 61.59, 55.08, 308.64
29.327, 72.92, 131.97, -57.16, 66.89, 56.45, 306.56, 65.86, 56.19, 306.96
29.354, 71.15, 143.71, -47.58, 70.58, 57.78, 305.26, 69.66, 57.47, 305.59
29.381, 13.70, 147.44, 56.70, 73.57, 59.08, 306.80, 72.81, 58.77, 306.57
29.408, 4.56, 120.79, 13.97, 75.98, 59.57, 307.18, 75.36, 59.41, 307.06
29.436, -14.31, 143.98, 48.71, 77.44, 60.59, 308.51, 77.04, 60.36, 308.23
29.463, -11.38, 118.15, 15.32, 79.01, 60.83, 308.93, 78.63, 60.74, 308.80
29.490, 39.85, 112.05, -27.98, 81.48, 60.85, 308.17, 80.93, 60.83, 308.29
29.517, 23.85, 143.13, -21.47, 83.95, 61.62, 307.58, 83.36, 61.46, 307.72
29.545, 60.29, 141.57, -74.33, 87.35, 62.25, 305.56, 86.58, 62.09, 305.98
29.572, 40.92, 125.34, -76.73, 89.50, 62.37, 303.47, 88.94, 62.32, 303.96
29.599, 61.20, 173.05, -183.71, 92.42, 63.66, 298.46, 91.74, 63.40, 299.53
29.626, -5.13, 99.94, -75.16, 93.93, 62.94, 296.42, 93.51, 63.03, 297.02
29.654, 1.39, 164.49, 42.97, 95.45, 63.87, 297.59, 95.07, 63.71, 297.48
29.681, 33.13, 139.82, 31.81, 97.89, 64.06, 298.46, 97.34, 63.99, 298.27
29.708, 31.49, 142.86, 122.00, 99.77, 64.26, 301.78, 99.30, 64.20, 301.10
29.735, 37.27, 144.59, 86.63, 102.08, 64.43, 304.13, 101.54, 64.39, 303.54
29.762, 30.27, 146.95, 164.13, 104.10, 64.61, 308.60, 103.61, 64.57, 307.62
29.790, 69.44, 171.31, 92.77, 106.60, 65.37, 311.13, 106.02, 65.21, 310.44
29.817, -9.83, 54.87, -113.49, 108.52, 63.03, 308.03, 108.03, 63.46, 308.50
29.844, -35.29, 115.51, 24.99, 108.99, 62.32, 308.71, 108.80, 62.54, 308.67
29.871, -82.50, 89.04, -21.82, 107.11, 60.96, 308.12, 107.44, 61.27, 308.22
29.899, 2.88, 158.56, -2.66, 108.21, 61.38, 308.04, 108.06, 61.36, 308.08
29.926, -25.94, 157.81, 77.68, 108.69, 61.72, 310.16, 108.57, 61.65, 309.75
29.953, -63.86, 143.72, -22.85, 107.38, 61.65, 309.53, 107.61, 61.65, 309.57
29.981, -94.00, 130.49, -96.12, 105.76, 61.18, 306.91, 106.12, 61.28, 307.43
30.008, -38.87, 180.30, 130.40, 104.29, 61.97, 310.47, 104.64, 61.83, 309.88
30.035, -56.40, 118.97, -12.09, 103.05, 61.09, 310.14, 103.36, 61.24, 310.09
30.062, -57.40, 136.93, 53.74, 100.24, 60.68, 311.61, 100.85, 60.79, 311.31
30.090, -22.58, 121.54, -64.50, 98.91, 59.85, 309.85, 99.29, 60.04, 310.13
30.117, -52.38, 97.19, -55.81, 96.55, 58.41, 308.32, 97.08, 58.72, 308.67
30.144, -36.50, 98.05, -21.05, 94.60, 57.01, 307.75, 95.08, 57.35, 307.93
30.172, -42.38, 66.38, -28.09, 92.66, 54.85, 306.98, 93.13, 55.33, 307.17
30.199, -33.24, 51.34, -33.49, 90.22, 52.38, 306.07, 90.78, 52.96, 306.28
30.226, -13.41, 34.11, 8.68, 88.30, 49.59, 306.31, 88.79, 50.25, 306.30
30.253, -11.59, 25.67, 78.15, 87.87, 46.71, 308.44, 88.05, 47.39, 308.03
30.281, 31.29, -33.35, 56.38, 87.01, 42.44, 309.99, 87.21, 43.40, 309.61
30.308, 16.23, -40.26, 62.85, 86.95, 38.24, 311.70, 87.00, 39.24, 311.29
30.335, 23.76, -112.85, 60.34, 86.32, 32.42, 313.34, 86.46, 33.75, 312.94
30.362, 20.38, -145.34, -26.79, 84.91, 26.12, 312.61, 85.21, 27.61, 312.68
30.390, 24.89, -204.78, -15.17, 84.36, 18.64, 312.20, 84.53, 20.38, 312.29
30.417, 22.77, -250.14, -50.00, 85.02, 10.44, 310.83, 84.92, 12.36, 311.12
30.444, 38.88, -250.14, -50.39, 85.51, 2.79, 309.46, 85.40, 4.66, 309.79
30.471, 6.31, -250.14, 117.05, 91.06, -4.38, 312.66, 89.96, -2.63, 312.10
30.499, -102.58, -250.14, -203.70, 88.50, -11.11, 307.11, 88.78, -9.46, 308.08
30.526, -81.08, -250.14, -206.45, 87.23, -17.47, 301.48, 87.53, -15.91, 302.76
30.553, -69.08, -250.14, -205.83, 87.22, -23.36, 295.87, 87.28, -21.92, 297.21
30.580, -71.95, -250.14, -200.30, 86.47, -28.87, 290.41, 86.63, -27.52, 291.73
30.608, -85.05, -250.14, -126.67, 85.81, -33.98, 286.96, 85.97, -32.72, 287.89
30.635, -102.38, -250.14, -140.17, 83.01, -38.74, 283.14, 83.59, -37.57, 284.06
30.662, -62.89, -200.29, -50.00, 81.82, -41.86, 281.78, 82.16, -41.03, 282.22
30.689, -122.69, -250.14, 20.87, 79.68, -45.95, 282.35, 80.16, -44.99, 282.32
30.716, -144.21, -198.15, -96.24, 75.38, -48.37, 279.74, 76.32, -47.71, 280.24
30.744, -137.36, -173.53, -95.78, 71.79, -49.93, 277.13, 72.67, -49.50, 277.74
30.771, -150.51, -201.64, -99.29, 67.54, -52.04, 274.42, 68.54, -51.55, 275.07
30.798, -130.60, -166.16, -24.90, 63.53, -53.01, 273.74, 64.51, -52.73, 274.00
30.825, -119.27, -143.00, -5.71, 59.56, -53.22, 273.59, 60.52, -53.12, 273.67
30.853, -92.22, -125.40, -43.03, 55.82, -52.86, 272.42, 56.73, -52.91, 272.66
30.880, -138.95, -143.44, 3.45, 50.97, -52.88, 272.51, 52.09, -52.89, 272.54
30.907, -108.52, -110.76, -16.82, 47.08, -51.96, 272.05, 48.05, -52.14, 272.15
30.934, -88.53, -92.88, 67.39, 43.12, -50.51, 273.88, 44.08, -50.83, 273.54
30.961, -116.57, -105.22, 1.36, 38.87, -49.38, 273.91, 39.88, -49.66, 273.84
30.989, -113.39, -84.19, -17.76, 34.60, -47.68, 273.43, 35.62, -48.07, 273.51
31.016, -112.13, -66.62, 19.96, 30.50, -45.52, 273.97, 31.50, -46.02, 273.88
31.043, -94.55, -48.77, -20.54, 27.15, -42.94, 273.41, 27.99, -43.54, 273.50
31.070, -90.82, -55.47, 19.71, 23.28, -40.60, 273.95, 24.19, -41.17, 273.86
31.098, -89.24, -56.62, 36.29, 19.71, -38.33, 274.94, 20.58, -38.88, 274.73
31.125, -95.05, -67.81, -0.93, 16.26, -36.39, 274.91, 17.10, -36.87, 274.88
31.152, -68.05, -64.99, 46.04, 13.14, -34.41, 276.17, 13.91, -34.89, 275.92
31.180, -113.14, -88.52, 46.16, 9.02, -33.08, 277.43, 9.97, -33.43, 277.13
31.207, 174.73, 140.85, -95.76, 13.94, -25.87, 274.81, 13.17, -27.34, 275.26
31.234, 1.91, 45.11, -172.54, 12.99, -21.46, 270.10, 13.03, -22.60, 271.10
31.261, -45.09, 45.86, -55.10, 10.42, -17.25, 268.59, 10.93, -18.29, 269.08
31.289, -46.49, 36.65, -40.73, 8.05, -13.47, 267.48, 8.61, -14.41, 267.79
31.316, -53.02, 18.69, -25.38, 5.42, -10.33, 266.79, 6.04, -11.12, 266.99
31.343, -9.87, -99.11, 250.06, 4.90, -10.35, 273.61, 5.12, -10.50, 272.32
31.371, 198.14, -135.95, 250.06, 11.06, -11.25, 280.42, 9.91, -11.11, 278.85
31.398, 90.40, 12.33, -38.49, 11.75, -8.25, 279.38, 11.39, -8.80, 279.28
31.425, -8.47, 49.18, -185.36, 9.35, -4.41, 274.32, 9.75, -5.26, 275.28
31.452, 14.60, -90.65, 56.34, 8.93, -4.38, 275.85, 9.09, -4.55, 275.74
31.479, 31.87, -80.92, 48.35, 10.09, -4.07, 277.17, 9.90, -4.16, 276.90
31.507, 21.13, -1.64, -92.61, 10.52, -1.70, 274.65, 10.40, -2.18, 275.09
31.534, 41.75, -29.54, 36.46, 10.87, -0.16, 275.64, 10.78, -0.55, 275.53
31.561, 33.51, -32.11, 41.29, 10.90, 1.26, 276.77, 10.88, 0.91, 276.53
31.589, 1.78, 2.31, -65.72, 9.95, 3.52, 274.96, 10.12, 3.02, 275.26
31.616, -7.73, -0.32, 16.84, 9.14, 5.61, 275.42, 9.33, 5.10, 275.39
31.643, -1.41, -9.37, 16.80, 8.35, 7.35, 275.88, 8.54, 6.91, 275.78
31.671, -0.07, -2.23, 7.88, 7.91, 9.20, 276.09, 8.03, 8.76, 276.03
31.698, -3.86, 1.90, -9.31, 7.33, 11.07, 275.84, 7.47, 10.62, 275.87
31.725, -1.89, 0.53, 0.66, 6.81, 12.80, 275.85, 6.94, 12.38, 275.86
31.752, 0.23, -2.00, 12.56, 6.32, 14.38, 276.20, 6.44, 13.99, 276.13
31.779, -1.37, -1.15, 1.75, 5.87, 15.91, 276.24, 5.98, 15.53, 276.22
31.807, -2.08, 1.38, 0.77, 5.39, 17.41, 276.26, 5.50, 17.05, 276.26
31.834, -2.14, 0.27, -3.21, 4.97, 18.81, 276.18, 5.07, 18.47, 276.19
31.861, -1.31, 0.53, 2.01, 4.56, 20.14, 276.23, 4.66, 19.81, 276.22
31.888, -1.22, 0.27, 0.16, 4.19, 21.37, 276.24, 4.28, 21.07, 276.23
31.916, -1.27, -0.71, 0.45, 3.85, 22.53, 276.25, 3.93, 22.24, 276.25
31.943, -1.10, -1.44, 4.03, 3.51, 23.59, 276.36, 3.59, 23.33, 276.34
31.970, -0.96, -0.32, -0.23, 3.22, 24.62, 276.35, 3.29, 24.37, 276.35
31.998, -1.90, 0.89, -1.51, 2.91, 25.62, 276.31, 2.98, 25.37, 276.32
32.025, -2.03, 1.92, -1.48, 2.55, 26.57, 276.27, 2.64, 26.34, 276.28
32.052, -1.05, -0.76, 3.29, 2.29, 27.40, 276.36, 2.36, 27.19, 276.35
32.079, -0.69, -0.27, 1.00, 2.06, 28.19, 276.39, 2.12, 28.00, 276.38
32.107, -1.18, 0.36, -0.32, 1.84, 28.94, 276.38, 1.89, 28.75, 276.38
32.134, -1.02, -0.37, -1.01, 1.65, 29.61, 276.35, 1.70, 29.45, 276.36
32.161, -0.53, -1.12, 4.35, 1.48, 30.23, 276.47, 1.52, 30.08, 276.45
32.188, -1.08, -0.79, 2.29, 1.28, 30.80, 276.53, 1.33, 30.66, 276.52
32.216, -1.15, -1.93, -0.65, 1.09, 31.30, 276.52, 1.13, 31.18, 276.52
32.243, -1.95, 1.08, -3.49, 0.92, 31.84, 276.42, 0.96, 31.71, 276.44
32.271, -1.44, 0.70, -2.57, 0.80, 32.32, 276.35, 0.83, 32.20, 276.37
32.298, -0.49, -0.34, 0.75, 0.69, 32.73, 276.37, 0.72, 32.63, 276.37
32.325, -1.04, -0.69, 3.27, 0.56, 33.10, 276.46, 0.59, 33.00, 276.44
32.352, 0.27, 0.91, 0.46, 0.51, 33.47, 276.47, 0.52, 33.38, 276.47
32.380, -1.11, 1.99, -3.29, 0.37, 33.83, 276.38, 0.40, 33.74, 276.40
32.407, -1.45, 0.68, -0.43, 0.27, 34.13, 276.37, 0.30, 34.05, 276.38
32.434, -1.73, -0.86, -1.87, 0.17, 34.35, 276.32, 0.20, 34.29, 276.33
32.462, -0.40, -0.77, -0.29, 0.11, 34.54, 276.31, 0.13, 34.49, 276.31
32.489, -0.34, -2.37, 4.86, 0.04, 34.66, 276.44, 0.06, 34.63, 276.42
32.516, -0.44, -3.91, 4.93, 0.01, 34.73, 276.58, 0.02, 34.71, 276.55
32.543, -1.37, 0.28, -1.84, -0.06, 34.88, 276.53, -0.04, 34.84, 276.53
32.571, -1.49, 0.79, -2.91, -0.14, 35.02, 276.45, -0.12, 34.98, 276.46
32.598, -0.98, -0.66, 2.96, -0.14, 35.09, 276.53, -0.14, 35.07, 276.52
32.625, -0.65, -0.55, 1.10, -0.14, 35.15, 276.56, -0.14, 35.14, 276.55
32.652, -1.18, -0.12, -0.35, -0.10, 35.20, 276.55, -0.10, 35.19, 276.55
32.680, -1.70, 0.50, -3.03, -0.11, 35.25, 276.47, -0.11, 35.24, 276.48
32.707, -1.40, 0.12, -2.55, -0.14, 35.26, 276.40, -0.14, 35.26, 276.41
32.734, -0.40, -1.44, 4.29, -0.11, 35.22, 276.51, -0.12, 35.23, 276.49
32.761, -0.54, -1.54, 3.05, -0.11, 35.17, 276.60, -0.11, 35.18, 276.58
32.789, -1.22, 1.42, -4.18, -0.10, 35.17, 276.48, -0.10, 35.17, 276.50
32.816, -1.17, 0.00, -1.10, -0.08, 35.12, 276.45, -0.08, 35.13, 276.46
32.843, 0.04, -1.65, 5.45, -0.05, 35.02, 276.60, -0.06, 35.04, 276.58
32.870, -1.18, -0.31, -1.83, -0.05, 34.94, 276.55, -0.05, 34.96, 276.56
32.897, -1.66, 1.22, -3.99, -0.02, 34.88, 276.44, -0.03, 34.90, 276.47
32.925, -1.02, -0.73, 2.06, -0.00, 34.77, 276.50, -0.01, 34.80, 276.49
32.952, -0.76, -0.34, -0.33, 0.04, 34.66, 276.49, 0.03, 34.68, 276.49
32.979, -1.47, -0.46, 0.61, 0.02, 34.53, 276.51, 0.02, 34.56, 276.51
33.007, -0.52, -0.29, 0.54, 0.09, 34.40, 276.52, 0.08, 34.43, 276.52
33.034, -1.18, -0.83, 0.02, 0.12, 34.25, 276.52, 0.11, 34.29, 276.52
33.061, -1.25, 0.22, 0.53, 0.13, 34.12, 276.54, 0.12, 34.15, 276.54
33.088, -1.44, 0.38, -2.32, 0.16, 33.99, 276.48, 0.15, 34.02, 276.49
33.116, -1.16, 0.15, -0.49, 0.15, 33.84, 276.46, 0.15, 33.87, 276.47
33.143, -0.32, -1.11, 2.66, 0.23, 33.65, 276.53, 0.21, 33.70, 276.52
33.170, -0.88, -0.65, 0.40, 0.28, 33.48, 276.55, 0.27, 33.52, 276.54
33.197, -1.05, 0.29, -2.42, 0.32, 33.32, 276.48, 0.31, 33.36, 276.49
33.225, 1.89, -1.41, 3.38, 0.46, 33.12, 276.57, 0.43, 33.16, 276.56
33.252, -1.74, -0.38, -1.10, 0.53, 32.94, 276.54, 0.51, 32.98, 276.54
33.279, -1.77, 0.57, -4.42, 0.55, 32.78, 276.42, 0.54, 32.82, 276.45
33.306, -0.74, -2.85, 8.18, 0.64, 32.53, 276.64, 0.62, 32.58, 276.61
33.334, 0.27, -1.90, 6.47, 0.75, 32.30, 276.82, 0.73, 32.36, 276.78
33.361, -2.61, 3.18, -11.66, 0.77, 32.21, 276.50, 0.76, 32.24, 276.56
33.388, -1.01, 0.59, -1.38, 0.78, 32.04, 276.47, 0.78, 32.08, 276.48
33.416, 1.27, -3.57, 9.37, 0.91, 31.77, 276.72, 0.88, 31.83, 276.67
33.443, -0.82, -0.31, 1.68, 0.95, 31.58, 276.77, 0.94, 31.63, 276.75
33.470, -2.33, 2.62, -7.08, 0.97, 31.47, 276.57, 0.97, 31.50, 276.61
33.497, -0.56, -2.36, 2.29, 1.01, 31.22, 276.64, 1.01, 31.28, 276.63
33.525, 0.64, -4.94, 5.04, 1.10, 30.92, 276.77, 1.08, 30.99, 276.75
33.552, -3.60, 1.18, -7.28, 1.16, 30.77, 276.58, 1.15, 30.82, 276.61
33.579, -2.89, 0.71, -2.59, 1.16, 30.62, 276.50, 1.16, 30.65, 276.52
33.606, -0.92, -2.50, 3.16, 1.22, 30.38, 276.59, 1.21, 30.43, 276.58
33.634, -1.24, -0.24, 1.93, 1.28, 30.20, 276.64, 1.27, 30.24, 276.63
33.661, -2.24, 1.36, -6.83, 1.34, 30.06, 276.46, 1.33, 30.10, 276.49
33.688, -0.90, -0.73, 1.48, 1.39, 29.87, 276.50, 1.38, 29.91, 276.50
33.715, -0.21, -1.34, 4.20, 1.45, 29.67, 276.61, 1.44, 29.71, 276.59
33.743, -0.30, 1.98, -5.06, 1.54, 29.55, 276.47, 1.52, 29.58, 276.50
33.770, 1.11, 5.44, 3.68, 1.61, 29.52, 276.57, 1.59, 29.53, 276.56
33.797, 0.14, 1.53, 2.98, 1.66, 29.38, 276.65, 1.65, 29.41, 276.64
33.824, 0.21, -1.59, -3.42, 1.77, 29.17, 276.56, 1.75, 29.21, 276.58
33.852, 0.41, 1.20, 0.90, 1.82, 29.02, 276.59, 1.80, 29.06, 276.58
33.879, -5.40, -2.02, -0.10, 1.85, 28.80, 276.58, 1.84, 28.85, 276.58
