0.000, -1.27, -1.50, 1.90, -3.46, -0.46, 0.00, -0.01, -0.00, 0.00
0.028, -0.74, -0.16, -0.04, -1.66, -0.47, 179.80, -1.35, -0.38, 145.53
0.055, -0.91, -0.72, 0.11, -1.24, -0.49, 118.94, -1.26, -0.47, 124.11
0.083, -0.84, -0.31, 0.16, -0.76, -0.49, 83.42, -0.86, -0.49, 91.30
0.110, -0.73, 0.19, 0.18, -0.62, -0.48, 57.31, -0.67, -0.48, 63.92
0.137, -1.21, -1.56, 0.03, -0.31, -0.51, 36.44, -0.38, -0.51, 41.76
0.164, -0.94, 0.21, 0.22, -0.16, -0.50, 19.76, -0.21, -0.50, 24.03
0.192, -0.69, 0.65, 0.03, 0.02, -0.48, 6.82, -0.02, -0.48, 10.16
0.219, -1.38, -0.93, 0.19, 0.05, -0.50, -2.87, 0.03, -0.49, -0.34
0.246, -1.16, -1.44, 0.08, 0.36, -0.52, -9.88, 0.30, -0.51, -8.03
0.273, -0.89, -0.67, -1.90, 0.28, -0.52, 77.90, 0.29, -0.52, 61.14
0.301, -0.92, -0.71, 0.05, 0.17, -0.52, 149.97, 0.20, -0.52, 132.74
0.328, -0.94, -0.81, 0.02, 0.10, -0.52, 208.46, 0.12, -0.52, 193.74
0.355, -0.37, 0.98, -0.08, 0.18, -0.48, 255.70, 0.17, -0.49, 243.65
0.382, -0.94, -0.43, -1.95, 0.46, -0.48, 293.75, 0.41, -0.48, 284.01
0.410, -1.15, -1.50, 0.11, 0.44, -0.50, 324.56, 0.43, -0.50, 316.70
0.437, -0.40, 1.05, 0.07, 0.42, -0.47, 349.42, 0.42, -0.47, 343.07
0.464, -0.24, 1.22, -0.07, 0.33, -0.43, 369.51, 0.35, -0.44, 364.38
0.491, -1.69, -2.60, -0.17, 0.38, -0.49, 385.65, 0.37, -0.48, 381.50
0.519, -0.56, 0.79, 0.08, 0.37, -0.46, 398.86, 0.37, -0.47, 395.49
0.546, -1.20, -1.14, 0.07, 0.31, -0.49, 409.60, 0.32, -0.48, 406.87
0.573, -1.04, -0.41, -0.04, 0.28, -0.49, 418.36, 0.29, -0.49, 416.13
0.601, -0.80, -0.23, 0.06, 0.24, -0.48, 425.39, 0.25, -0.48, 423.60
0.628, -1.10, -0.96, -0.02, 0.23, -0.50, 431.03, 0.23, -0.50, 429.59
0.655, -0.95, -0.83, -0.14, 0.14, -0.51, 435.55, 0.16, -0.50, 434.39
0.682, -0.92, -0.25, 0.12, 0.17, -0.50, 439.20, 0.17, -0.50, 438.26
0.710, -0.88, 0.11, 0.11, 0.17, -0.49, 442.00, 0.17, -0.49, 441.27
0.737, -1.18, -1.36, 0.02, 0.07, -0.51, 444.26, 0.09, -0.50, 443.68
0.764, -0.75, 0.01, 0.11, 0.10, -0.50, 445.96, 0.10, -0.50, 445.52
0.791, -0.58, 0.51, 1.95, 0.20, -0.47, 447.29, 0.18, -0.48, 446.95
0.819, -0.34, 1.07, -0.11, 0.19, -0.44, 448.20, 0.19, -0.44, 447.96
0.846, -1.26, -1.24, -0.05, 0.13, -0.46, 448.86, 0.14, -0.46, 448.68
0.873, -0.67, 1.90, -0.06, 0.07, -0.41, 449.15, 0.08, -0.42, 449.06
0.901, -1.08, -0.98, 0.11, -0.01, -0.43, 449.28, 0.01, -0.43, 449.24
0.928, -1.03, -0.21, 0.02, 0.04, -0.44, 449.17, 0.04, -0.44, 449.18
0.955, -0.98, -0.50, 0.09, 0.08, -0.45, 448.93, 0.07, -0.44, 448.98
0.982, -1.10, -0.67, 0.08, 0.15, -0.46, 448.53, 0.14, -0.45, 448.61
1.010, -0.62, -0.02, -0.08, 0.16, -0.45, 448.02, 0.16, -0.45, 448.14
1.037, -1.53, -2.21, 0.17, 0.14, -0.50, 447.41, 0.15, -0.49, 447.55
1.064, -0.69, 0.01, 0.12, 0.15, -0.49, 446.70, 0.15, -0.49, 446.87
1.092, -0.77, -0.08, 0.14, 0.19, -0.48, 445.95, 0.18, -0.49, 446.13
1.119, -0.67, 0.48, -0.01, 0.18, -0.46, 445.12, 0.18, -0.47, 445.31
1.146, -0.64, -0.37, -0.07, 0.19, -0.47, 444.24, 0.19, -0.47, 444.45
1.173, -0.88, -0.43, 0.05, 0.22, -0.47, 443.27, 0.22, -0.47, 443.50
1.200, -0.60, 0.65, 0.02, 0.21, -0.45, 442.32, 0.21, -0.45, 442.55
1.228, -0.88, -0.46, 0.03, 0.21, -0.45, 441.34, 0.21, -0.45, 441.58
1.255, -1.41, -1.00, -0.05, 0.19, -0.47, 440.33, 0.19, -0.47, 440.58
1.282, -0.96, -1.05, -0.15, 0.18, -0.49, 439.30, 0.18, -0.49, 439.55
1.309, -0.95, -0.59, 1.95, 0.15, -0.50, 407.33, 0.16, -0.50, 413.60
1.337, -0.76, -0.08, 0.11, 0.13, -0.49, 377.50, 0.13, -0.49, 384.51
1.364, -0.75, -0.36, 0.24, 0.09, -0.49, 349.66, 0.10, -0.49, 356.43
1.391, -0.79, 0.33, 1.92, 0.11, -0.47, 323.71, 0.11, -0.48, 330.09
1.418, -0.82, -0.67, -0.04, 0.14, -0.48, 299.41, 0.14, -0.48, 305.36
1.446, 0.64, 3.89, 1.93, 0.17, -0.38, 276.73, 0.16, -0.40, 282.28
1.473, -1.63, -3.10, 0.23, 0.16, -0.46, 255.45, 0.16, -0.44, 260.66
1.500, -1.22, -0.91, 0.00, 0.12, -0.47, 235.51, 0.13, -0.47, 240.39
1.528, -0.79, -0.69, -1.94, 0.09, -0.48, 216.76, 0.09, -0.48, 221.34
1.555, -0.80, -0.36, 0.06, 0.08, -0.48, 199.22, 0.08, -0.48, 203.50
1.582, -0.66, -0.18, -1.95, 0.03, -0.48, 182.71, 0.04, -0.48, 186.76
1.609, -1.12, -0.81, -0.14, -0.02, -0.49, 167.27, -0.01, -0.49, 171.06
1.637, -0.41, 1.47, 0.02, 0.00, -0.45, 152.75, -0.00, -0.46, 156.31
1.664, -0.64, -0.21, -0.04, 0.01, -0.45, 139.11, 0.01, -0.45, 142.44
1.691, -0.75, -0.44, -0.15, 0.01, -0.45, 126.29, 0.01, -0.45, 129.42
1.719, -0.53, 0.85, 0.10, 0.04, -0.43, 114.24, 0.04, -0.43, 117.18
1.746, -0.73, 0.05, -0.04, 0.03, -0.42, 102.91, 0.03, -0.42, 105.69
1.773, -0.98, 0.06, 0.23, 0.05, -0.42, 92.26, 0.05, -0.42, 94.87
1.800, -0.59, -0.08, 0.09, 0.06, -0.41, 82.25, 0.05, -0.42, 84.70
1.828, -0.86, -1.15, -0.08, 0.02, -0.44, 72.83, 0.03, -0.44, 75.14
1.855, -0.60, 0.21, -0.02, 0.03, -0.43, 64.00, 0.03, -0.43, 66.17
1.882, -1.39, -2.04, 0.05, 0.06, -0.48, 55.67, 0.05, -0.47, 57.71
1.909, -0.69, -0.01, 1.92, 0.05, -0.47, 47.89, 0.05, -0.47, 49.80
1.936, -1.25, -1.55, 0.11, 0.03, -0.51, 40.52, 0.04, -0.50, 42.32
1.964, -0.87, -0.57, -0.09, 0.01, -0.51, 33.62, 0.02, -0.51, 35.31
1.991, -0.56, 0.42, 0.01, 0.02, -0.49, 27.11, 0.02, -0.50, 28.71
2.018, -1.40, -1.03, 0.13, 0.03, -0.51, 21.02, 0.02, -0.51, 22.51
2.045, -0.79, 0.47, -0.06, 0.03, -0.49, 15.29, 0.02, -0.49, 16.69
2.073, -0.63, 0.53, 0.10, -0.03, -0.47, 9.92, -0.02, -0.47, 11.23
2.100, -0.79, -0.31, 0.11, -0.03, -0.47, 4.88, -0.03, -0.47, 6.11
2.127, -1.08, -1.50, 0.03, -0.04, -0.50, 0.17, -0.03, -0.49, 1.33
2.154, -0.40, 0.34, 0.08, -0.02, -0.48, -4.24, -0.02, -0.48, -3.16
2.182, -0.79, -0.55, 0.08, -0.03, -0.49, -8.36, -0.03, -0.49, -7.35
2.209, -1.26, -1.27, 1.92, -0.08, -0.51, -12.15, -0.07, -0.51, -11.22
2.236, -0.66, 0.23, -0.13, -0.09, -0.50, -15.72, -0.08, -0.50, -14.84
2.263, -1.03, -0.63, 0.17, -0.10, -0.51, -19.06, -0.09, -0.51, -18.24
2.290, -0.76, -0.26, 0.02, -0.10, -0.50, -22.17, -0.10, -0.50, -21.41
2.318, -0.73, -0.34, 0.13, -0.14, -0.50, -25.06, -0.13, -0.50, -24.35
2.345, -0.68, 0.13, 1.95, -0.16, -0.49, -27.69, -0.15, -0.49, -27.04
2.372, -0.76, -0.31, 1.88, -0.16, -0.49, -30.10, -0.16, -0.49, -29.51
2.399, -0.47, 0.64, 0.02, -0.16, -0.47, -32.38, -0.16, -0.47, -31.82
2.427, -0.99, -0.40, 0.09, -0.19, -0.47, -34.48, -0.18, -0.47, -33.96
2.454, -1.17, -1.32, 0.33, -0.20, -0.50, -36.38, -0.19, -0.49, -35.91
2.481, -0.93, -0.27, -0.07, -0.18, -0.50, -38.14, -0.18, -0.49, -37.70
2.508, 0.16, 0.51, 0.07, -0.15, -0.47, -39.74, -0.16, -0.48, -39.35
2.536, -1.17, 0.29, -0.43, -0.17, -0.46, -41.26, -0.17, -0.46, -40.90
2.564, 0.24, 1.53, 0.36, -0.13, -0.41, -42.61, -0.14, -0.42, -42.28
2.591, -0.97, -1.29, 0.40, -0.14, -0.44, -43.82, -0.14, -0.44, -43.52
2.619, -0.42, 0.60, -0.16, -0.14, -0.42, -44.92, -0.14, -0.43, -44.65
2.647, -1.05, -0.95, 1.90, -0.12, -0.44, -45.81, -0.13, -0.44, -45.58
2.674, -1.47, -3.89, -0.02, -0.08, -0.54, -46.57, -0.09, -0.52, -46.38
2.702, -0.51, 0.33, -0.26, -0.03, -0.52, -47.29, -0.04, -0.52, -47.12
2.729, -1.05, -1.01, 1.86, -0.01, -0.53, -47.85, -0.02, -0.53, -47.71
2.757, -0.70, 0.08, 0.06, 0.03, -0.52, -48.36, 0.02, -0.52, -48.24
2.784, -1.05, -0.87, -1.95, 0.06, -0.53, -48.83, 0.05, -0.53, -48.71
2.812, -0.84, -0.07, -0.21, 0.02, -0.53, -49.10, 0.03, -0.53, -49.02
2.839, -0.52, 0.34, 0.15, 0.08, -0.51, -49.29, 0.07, -0.51, -49.24
2.866, -0.76, 0.85, 0.30, 0.05, -0.48, -49.40, 0.06, -0.48, -49.36
2.893, -1.15, -1.08, 0.02, 0.04, -0.50, -49.44, 0.04, -0.49, -49.42
2.921, -0.16, 1.66, 1.94, -0.01, -0.44, -49.38, 0.00, -0.45, -49.39
2.948, -1.02, -0.85, 0.18, 0.02, -0.46, -49.28, 0.01, -0.46, -49.30
2.975, -1.24, -1.47, 0.00, -0.03, -0.49, -49.13, -0.02, -0.49, -49.17
3.003, -1.05, -0.96, 0.08, -0.06, -0.51, -48.93, -0.05, -0.50, -48.98
3.030, -0.89, -0.46, -0.06, -0.06, -0.51, -48.67, -0.06, -0.51, -48.73
3.057, -1.28, -1.49, 0.27, -0.09, -0.54, -48.36, -0.08, -0.53, -48.43
3.084, -0.64, 0.60, 0.07, -0.07, -0.51, -48.00, -0.07, -0.52, -48.08
3.111, -0.22, 1.37, -0.05, -0.04, -0.47, -47.59, -0.05, -0.48, -47.69
3.139, -0.73, 0.27, -0.04, -0.10, -0.45, -47.15, -0.09, -0.46, -47.25
3.166, -0.71, 0.08, -0.04, -0.09, -0.45, -46.68, -0.09, -0.45, -46.79
3.193, -1.18, -1.24, 0.05, -0.11, -0.47, -46.17, -0.11, -0.47, -46.29
3.221, -0.89, -0.81, 0.17, -0.13, -0.48, -45.62, -0.12, -0.48, -45.75
3.248, -1.08, -0.89, 0.15, -0.14, -0.50, -45.04, -0.13, -0.50, -45.17
3.276, -1.39, -1.53, 0.06, -0.17, -0.53, -44.50, -0.16, -0.52, -44.62
3.303, -0.95, -0.64, 0.05, -0.18, -0.54, -43.86, -0.18, -0.53, -44.01
3.330, -0.40, 0.40, -1.94, -0.16, -0.51, -43.26, -0.16, -0.52, -43.40
3.358, -1.07, -1.55, -0.11, -0.16, -0.54, -42.59, -0.16, -0.54, -42.74
3.385, -0.95, -0.24, -1.90, -0.16, -0.54, -41.94, -0.16, -0.54, -42.10
3.412, -0.66, 0.21, -0.10, -0.11, -0.52, -41.23, -0.12, -0.52, -41.40
3.440, -0.89, -0.16, -0.02, -0.12, -0.51, -40.51, -0.12, -0.52, -40.68
3.467, -0.40, 0.70, 0.06, -0.08, -0.49, -39.77, -0.09, -0.49, -39.95
3.494, -0.71, 1.93, 0.11, -0.10, -0.43, -39.02, -0.10, -0.44, -39.20
3.521, -1.10, -1.07, 0.05, -0.10, -0.45, -38.26, -0.10, -0.45, -38.44
3.549, -0.75, -0.08, 0.15, -0.05, -0.45, -37.50, -0.06, -0.45, -37.68
3.576, -0.46, 0.28, -0.01, -0.02, -0.43, -36.72, -0.03, -0.44, -36.91
3.603, -1.20, -0.69, 0.15, -0.03, -0.45, -35.94, -0.03, -0.44, -36.13
3.630, -1.10, -0.86, -1.94, -0.04, -0.46, -35.21, -0.04, -0.46, -35.39
3.657, -0.78, 0.18, -1.95, -0.03, -0.45, -34.48, -0.03, -0.45, -34.66
3.685, -0.69, 0.28, -1.92, -0.04, -0.44, -33.76, -0.04, -0.44, -33.93
3.712, -0.87, -0.02, -0.04, -0.02, -0.43, -32.98, -0.03, -0.43, -33.16
3.739, -1.41, -1.31, -0.08, -0.04, -0.46, -32.20, -0.04, -0.45, -32.38
3.767, -0.38, 1.59, -1.89, -0.04, -0.41, -31.47, -0.04, -0.42, -31.65
3.794, -0.70, -0.16, 0.04, -0.04, -0.41, -30.69, -0.04, -0.41, -30.87
3.821, -1.02, -0.69, 0.18, -0.09, -0.43, -29.91, -0.08, -0.42, -30.10
3.848, -0.90, -0.44, 0.02, -0.04, -0.43, -29.14, -0.05, -0.43, -29.33
3.875, -1.46, -1.13, 0.10, -0.08, -0.46, -28.38, -0.07, -0.45, -28.56
3.903, -0.49, 0.69, -1.93, -0.09, -0.43, -27.67, -0.08, -0.44, -27.85
3.930, -1.49, -1.61, -1.88, -0.10, -0.47, -26.98, -0.09, -0.46, -27.15
3.957, -0.56, 0.74, 0.10, -0.12, -0.45, -26.23, -0.12, -0.45, -26.41
3.985, -1.31, -1.50, 0.00, -0.13, -0.48, -25.50, -0.12, -0.47, -25.68
4.012, -1.04, -0.39, 0.02, -0.14, -0.48, -24.77, -0.14, -0.48, -24.95
4.039, -1.10, -0.34, -0.02, -0.21, -0.48, -24.05, -0.19, -0.48, -24.23
4.066, -1.18, -0.96, 0.05, -0.23, -0.50, -23.35, -0.22, -0.50, -23.52
4.093, -0.70, -1.93, 0.05, -0.19, -0.54, -22.65, -0.20, -0.53, -22.82
4.121, -0.99, -0.07, -1.94, -0.17, -0.53, -0.62, -0.18, -0.53, -4.93
4.148, -0.60, 0.90, 0.05, -0.14, -0.50, 20.65, -0.14, -0.50, 15.68
4.175, -0.75, 0.08, 0.25, -0.18, -0.49, 41.13, -0.17, -0.49, 36.18
4.202, -1.18, -0.14, -0.15, -0.15, -0.48, 60.82, -0.16, -0.48, 56.03
4.230, -1.24, -1.21, 0.11, -0.15, -0.51, 79.76, -0.15, -0.50, 75.15
4.257, -0.98, -0.24, 1.82, -0.18, -0.50, 76.61, -0.17, -0.50, 76.33
4.284, -0.54, 0.01, -0.05, -0.14, -0.49, 73.49, -0.14, -0.50, 74.04
4.311, -0.89, -0.77, 0.05, -0.15, -0.51, 70.47, -0.15, -0.50, 71.16
4.339, -0.53, 0.65, 0.02, -0.13, -0.48, 67.52, -0.13, -0.48, 68.23
4.366, -1.11, -0.84, 0.05, -0.16, -0.49, 64.66, -0.16, -0.49, 65.35
4.393, -0.59, 0.23, 0.05, -0.14, -0.48, 61.88, -0.15, -0.48, 62.55
4.420, -1.06, -0.68, -0.03, -0.16, -0.49, 59.18, -0.16, -0.49, 59.83
4.448, -1.25, -1.85, 0.19, -0.20, -0.53, 56.56, -0.19, -0.52, 57.19
4.475, -0.08, 1.76, -0.12, -0.18, -0.47, 54.01, -0.18, -0.48, 54.63
4.502, -1.16, -1.16, 0.07, -0.14, -0.49, 51.54, -0.15, -0.49, 52.14
4.529, -1.09, -0.65, 0.05, -0.13, -0.50, 49.15, -0.13, -0.50, 49.73
4.557, -0.72, 0.20, 0.05, -0.13, -0.49, 46.83, -0.13, -0.49, 47.39
4.584, -1.05, -0.97, -0.05, -0.14, -0.51, 44.58, -0.14, -0.50, 45.13
4.611, -0.39, 1.35, 0.11, -0.14, -0.46, 42.41, -0.14, -0.47, 42.94
4.638, -0.79, 0.50, -0.05, -0.17, -0.44, 40.31, -0.16, -0.45, 40.82
4.665, -1.46, -0.02, 0.11, -0.19, -0.44, 38.28, -0.19, -0.44, 38.77
4.693, -1.06, -0.18, -0.07, -0.19, -0.44, 36.31, -0.19, -0.44, 36.79
4.720, 0.22, 2.63, 0.03, -0.16, -0.36, 34.41, -0.16, -0.38, 34.88
4.747, -1.60, -2.52, -0.07, -0.19, -0.43, 32.58, -0.19, -0.42, 33.03
4.774, -0.29, 1.73, 0.02, -0.17, -0.38, 30.81, -0.17, -0.39, 31.24
4.802, -1.12, -1.18, -0.10, -0.18, -0.41, 29.10, -0.18, -0.40, 29.52
4.829, -1.09, -0.56, 0.27, -0.14, -0.42, 27.47, -0.15, -0.42, 27.86
4.856, -0.60, 0.08, -0.12, -0.16, -0.42, 25.88, -0.16, -0.42, 26.26
4.883, -1.40, -1.79, 0.21, -0.13, -0.46, 24.36, -0.14, -0.45, 24.73
4.911, -0.51, 0.76, 0.19, -0.11, -0.43, 22.89, -0.12, -0.44, 23.25
4.938, -1.21, -1.54, 0.15, -0.11, -0.47, 21.48, -0.11, -0.46, 21.83
4.965, -0.63, -1.92, 0.29, -0.12, -0.51, 20.13, -0.12, -0.50, 20.46
4.992, -0.77, 0.37, 0.13, -0.10, -0.49, 18.83, -0.10, -0.50, 19.14
5.020, -1.28, -1.18, 0.14, -0.10, -0.52, 17.58, -0.10, -0.51, 17.88
5.047, -0.70, 0.38, 0.13, -0.15, -0.50, 16.38, -0.14, -0.50, 16.67
5.074, -0.45, 1.50, 0.13, -0.14, -0.45, 15.22, -0.14, -0.46, 15.50
5.102, -1.58, -2.93, 1.94, -0.16, -0.52, 14.17, -0.16, -0.51, 14.43
5.129, -0.93, -0.33, 0.25, -0.16, -0.52, 13.11, -0.16, -0.52, 13.37
5.156, -0.84, -0.60, 0.02, -0.13, -0.53, 12.10, -0.13, -0.52, 12.35
5.183, -1.26, -0.63, 0.11, -0.14, -0.53, 11.13, -0.14, -0.53, 11.37
5.211, -0.16, 1.82, 0.06, -0.16, -0.48, 10.20, -0.15, -0.49, 10.43
5.238, -0.60, 0.56, 0.08, -0.17, -0.45, 9.32, -0.16, -0.46, 9.53
5.265, -1.34, -1.48, 0.17, -0.14, -0.49, 8.47, -0.14, -0.48, 8.68
5.292, -0.93, -0.47, -0.09, -0.15, -0.49, 7.66, -0.15, -0.49, 7.86
5.320, -1.18, -1.20, 1.92, -0.11, -0.51, 6.94, -0.12, -0.51, 7.12
5.347, -1.05, -1.22, 0.00, -0.08, -0.54, 6.21, -0.09, -0.53, 6.39
5.374, -0.89, -0.29, 0.10, -0.08, -0.53, 5.51, -0.08, -0.53, 5.68
5.401, -0.74, -0.19, 1.95, -0.07, -0.53, 4.90, -0.07, -0.53, 5.05
5.429, -0.29, 1.10, 0.05, -0.03, -0.49, 4.27, -0.04, -0.50, 4.42
5.456, -1.36, -1.09, 0.03, -0.05, -0.51, 3.67, -0.05, -0.51, 3.82
5.483, -0.24, 1.40, 0.05, -0.02, -0.46, 3.11, -0.02, -0.47, 3.24
5.510, -0.98, -0.76, 0.12, 0.00, -0.48, 2.57, -0.00, -0.48, 2.70
5.538, -0.73, 0.20, -0.08, -0.06, -0.46, 2.06, -0.05, -0.47, 2.18
5.565, -0.63, 0.05, 0.08, -0.07, -0.46, 1.58, -0.07, -0.46, 1.69
5.592, -1.16, -1.16, 0.07, -0.11, -0.48, 1.12, -0.10, -0.48, 1.23
5.619, -1.09, -0.85, 1.89, -0.12, -0.49, 0.74, -0.12, -0.49, 0.84
5.647, -1.27, -3.81, 0.05, -0.15, -0.58, 0.34, -0.15, -0.57, 0.44
5.674, -0.37, 1.18, 0.11, -0.15, -0.54, -0.04, -0.15, -0.54, 0.06
5.701, -1.11, -1.11, 1.92, -0.16, -0.56, -0.34, -0.15, -0.55, -0.26
5.728, -0.14, 1.68, 0.06, -0.15, -0.50, -0.68, -0.15, -0.51, -0.60
5.756, -1.17, -1.21, 0.10, -0.16, -0.52, -0.99, -0.16, -0.52, -0.91
5.783, -0.85, -0.94, 0.17, -0.16, -0.54, -1.28, -0.16, -0.53, -1.20
5.810, -1.06, -0.96, 0.06, -0.10, -0.55, -1.55, -0.11, -0.55, -1.48
5.837, -1.16, -0.66, 0.05, -0.12, -0.55, -1.80, -0.12, -0.55, -1.74
5.865, -0.25, 0.62, 0.57, -0.12, -0.53, -2.02, -0.12, -0.53, -1.97
5.892, -0.84, -0.52, 1.89, -0.06, -0.53, -2.19, -0.07, -0.53, -2.15
5.919, -0.47, 0.95, -0.68, -0.06, -0.49, -2.41, -0.07, -0.50, -2.36
5.946, -1.08, -1.30, 1.75, -0.06, -0.52, -2.55, -0.06, -0.51, -2.51
5.974, 87.40, -55.81, -76.17, 2.86, -1.94, 16.60, 2.29, -1.66, 12.88
6.001, 48.85, -92.42, 156.27, 4.24, -4.21, 19.90, 3.86, -3.72, 18.54
6.028, 109.41, -109.43, 129.40, 8.97, -6.74, 22.48, 7.97, -6.15, 21.71
6.055, 250.13, 27.83, 250.13, 16.12, -5.59, 28.42, 14.54, -5.70, 27.12
6.083, 238.21, -122.28, -216.86, 21.16, -8.34, 21.64, 19.87, -7.83, 22.70
6.110, 173.96, 32.25, 194.66, 23.57, -7.03, 26.12, 22.85, -7.18, 25.45
6.137, 123.09, -34.40, 119.18, 25.91, -7.45, 28.57, 25.32, -7.40, 27.97
6.164, 176.15, -19.50, -2.05, 30.14, -7.47, 27.74, 29.20, -7.45, 27.79
6.192, 250.13, 132.48, 20.81, 36.05, -3.59, 27.57, 34.72, -4.34, 27.61
6.219, 250.13, 26.21, -173.98, 41.42, -2.61, 22.12, 40.12, -2.95, 23.19
6.246, 250.13, -3.91, -39.91, 46.51, -2.49, 20.34, 45.27, -2.58, 20.89
6.273, 250.13, 65.84, -164.77, 51.87, -0.59, 15.20, 50.59, -0.98, 16.30
6.301, 250.13, 121.62, -204.01, 57.44, 2.62, 8.99, 56.11, 1.92, 10.41
6.328, 250.13, 125.53, -54.87, 63.10, 5.74, 28.29, 61.74, 5.00, 24.80
6.355, 159.98, 57.89, -27.77, 70.02, 6.96, 47.54, 68.41, 6.58, 43.12
6.382, 118.30, 49.73, -30.45, 73.20, 7.86, 65.95, 72.27, 7.61, 61.51
6.410, 138.08, 24.30, -250.14, 77.79, 8.05, 77.64, 76.71, 7.96, 74.50
6.437, 67.88, 93.31, 63.44, 82.37, 9.96, 97.15, 81.27, 9.58, 92.75
6.464, 48.76, 3.40, 106.86, 83.79, 9.48, 117.13, 83.30, 9.50, 112.39
6.491, 18.02, -19.80, 21.67, 83.65, 8.40, 134.09, 83.59, 8.62, 129.86
6.518, 88.89, 19.96, -59.18, 85.70, 8.37, 148.20, 85.29, 8.42, 144.63
6.546, 110.88, 64.39, -51.60, 88.84, 9.49, 161.87, 88.15, 9.28, 158.53
6.573, 55.83, 24.40, -6.18, 90.54, 9.51, 176.14, 90.08, 9.47, 172.72
6.600, 111.63, 76.52, -71.57, 91.94, 10.82, 188.01, 91.58, 10.56, 185.04
6.628, 62.36, 66.79, -83.60, 94.32, 11.82, 198.96, 93.79, 11.58, 196.25
6.655, 61.83, 43.18, 26.31, 96.05, 12.12, 212.32, 95.61, 12.01, 209.20
6.682, 78.92, 78.76, -5.15, 98.34, 13.31, 224.26, 97.81, 13.05, 221.33
6.709, 44.73, 27.12, 3.85, 99.93, 13.09, 235.88, 99.51, 13.08, 233.05
6.736, 86.75, 94.18, -8.18, 101.78, 14.57, 246.68, 101.34, 14.28, 244.03
6.764, 55.19, 68.34, -22.53, 103.58, 15.30, 256.55, 103.14, 15.10, 254.11
6.791, 40.56, 30.80, 42.44, 105.08, 14.99, 267.70, 104.71, 15.01, 265.06
6.818, 63.70, 64.42, -30.84, 106.79, 15.54, 276.36, 106.38, 15.44, 274.16
6.845, 76.62, 65.12, 5.71, 109.01, 16.07, 285.56, 108.50, 15.94, 283.35
6.873, 28.93, 43.74, 5.78, 109.90, 15.99, 294.32, 109.63, 15.98, 292.19
6.900, 50.09, 51.92, 24.48, 111.29, 16.10, 303.15, 110.96, 16.08, 301.02
6.927, 40.46, 42.26, -24.15, 112.66, 15.94, 310.23, 112.33, 15.97, 308.44
6.954, 33.17, 43.83, -15.11, 113.47, 15.81, 317.15, 113.25, 15.84, 315.46
6.981, 48.07, 45.11, -3.84, 114.76, 15.70, 323.98, 114.46, 15.72, 322.33
7.009, 23.17, 43.82, -2.15, 115.70, 15.53, 330.49, 115.46, 15.57, 328.91
7.036, 27.53, 14.63, -13.07, 116.41, 14.62, 336.33, 116.23, 14.80, 334.88
7.063, 12.40, -1.89, -5.73, 116.76, 13.31, 342.02, 116.66, 13.60, 340.63
7.090, 23.14, 14.18, -2.62, 117.29, 12.47, 347.45, 117.17, 12.69, 346.13
7.118, 25.47, 7.88, -1.27, 117.86, 11.51, 352.60, 117.73, 11.74, 351.35
7.145, 10.60, 17.04, 20.94, 118.21, 10.81, 358.04, 118.12, 10.99, 356.74
7.172, 19.74, 11.56, -3.69, 118.53, 10.01, 362.47, 118.45, 10.20, 361.35
7.199, 14.70, 31.95, 2.72, 119.09, 9.75, 366.81, 118.97, 9.84, 365.75
7.227, 18.04, 23.02, -7.21, 119.30, 9.29, 370.61, 119.24, 9.39, 369.67
7.254, 17.39, 10.63, 7.78, 119.84, 8.51, 374.54, 119.72, 8.68, 373.60
7.281, 11.69, 39.24, 37.28, 120.37, 8.50, 379.03, 120.25, 8.53, 377.97
7.308, 14.08, -5.55, 5.34, 120.48, 7.33, 382.39, 120.44, 7.56, 381.53
7.336, 27.05, 43.23, 32.80, 121.11, 7.46, 386.28, 120.98, 7.48, 385.36
7.363, 31.21, 31.37, 5.78, 121.88, 7.29, 389.18, 121.70, 7.33, 388.44
7.390, 21.69, 18.54, 3.83, 122.38, 6.79, 391.81, 122.24, 6.89, 391.16
7.417, 24.34, 42.18, 16.04, 123.01, 6.90, 394.58, 122.86, 6.90, 393.91
7.444, 28.83, 26.53, -3.76, 124.29, 6.61, 396.61, 124.01, 6.67, 396.09
7.472, -1.13, -11.60, -10.82, 125.07, 5.36, 398.25, 124.86, 5.61, 397.83
7.499, -20.31, -59.54, -17.66, 125.27, 2.94, 399.53, 125.19, 3.46, 399.20
7.526, -6.24, -103.66, 13.91, 125.71, -0.47, 401.51, 125.61, 0.29, 401.07
7.553, -21.50, -146.95, -16.33, 126.26, -4.79, 402.50, 126.13, -3.81, 402.22
7.581, -90.17, -175.34, -19.16, 124.50, -9.58, 403.24, 124.82, -8.46, 403.04
7.608, -124.03, -145.96, -106.51, 121.11, -13.33, 401.45, 121.83, -12.38, 401.76
7.635, -94.76, -125.67, -31.40, 119.61, -16.30, 401.56, 120.04, -15.54, 401.60
7.662, -126.46, -146.40, -52.45, 116.12, -19.63, 400.97, 116.88, -18.83, 401.09
7.690, -113.02, -184.86, 72.35, 112.90, -23.73, 403.66, 113.67, -22.78, 403.16
7.717, -145.81, -116.37, -17.39, 108.60, -25.81, 403.78, 109.59, -25.22, 403.66
7.744, -108.96, -142.73, -156.66, 105.21, -28.39, 399.98, 106.06, -27.78, 400.70
7.772, -140.59, -161.21, -118.37, 101.62, -31.28, 397.12, 102.48, -30.60, 397.81
7.799, -169.50, -166.05, -134.37, 96.20, -34.07, 393.72, 97.43, -33.39, 394.52
7.826, -156.38, -144.16, -129.19, 91.67, -36.10, 390.36, 92.79, -35.57, 391.17
7.853, -111.11, -118.72, -182.55, 88.35, -37.31, 385.46, 89.22, -36.97, 386.57
7.880, -89.27, -99.34, -179.80, 86.18, -37.91, 380.56, 86.77, -37.72, 381.73
7.908, -68.99, -100.66, -113.78, 83.65, -38.45, 377.36, 84.25, -38.31, 378.21
7.935, -57.11, -129.27, -39.48, 81.59, -39.66, 376.12, 82.11, -39.39, 376.52
7.962, -106.18, -159.67, 45.06, 79.72, -41.52, 377.10, 80.19, -41.10, 376.99
7.989, -159.03, -129.63, -7.02, 75.19, -42.45, 376.60, 76.16, -42.19, 376.67
8.016, -103.22, -84.08, -121.34, 71.60, -42.10, 372.92, 72.49, -42.11, 373.65
8.044, -101.53, -92.53, -90.36, 67.88, -41.94, 370.03, 68.78, -41.97, 370.74
8.071, -46.95, -61.62, -56.96, 65.32, -40.94, 368.00, 65.99, -41.14, 368.53
8.098, -19.22, -2.15, -21.76, 63.12, -38.42, 366.87, 63.68, -38.95, 367.19
8.125, 75.31, 179.43, 92.69, 62.84, -31.36, 368.82, 63.00, -32.83, 368.50
8.153, 98.27, 151.76, 75.19, 63.42, -25.34, 370.27, 63.34, -26.79, 369.92
8.180, 136.31, 212.06, 166.46, 65.29, -18.14, 374.13, 64.91, -19.82, 373.31
8.207, 165.11, 228.91, 173.08, 67.68, -10.91, 378.15, 67.14, -12.64, 377.21
8.234, 192.59, 250.13, 175.47, 71.59, -3.53, 382.20, 70.72, -5.30, 381.23
8.262, 137.24, 250.13, 250.13, 72.13, 3.43, 388.25, 71.85, 1.73, 386.89
8.289, 250.13, 250.13, 85.07, 79.20, 9.97, 389.78, 77.77, 8.37, 389.22
8.316, 237.74, 250.13, 196.75, 85.42, 16.15, 394.32, 83.94, 14.64, 393.33
8.343, 208.59, 232.19, 135.33, 93.66, 21.47, 397.16, 91.77, 20.14, 396.41
8.370, 153.14, 250.13, 124.36, 99.88, 26.89, 399.67, 98.30, 25.57, 399.04
8.398, 161.12, 183.76, 123.00, 105.38, 30.29, 402.15, 104.01, 29.38, 401.54
8.425, 146.31, 161.38, 114.63, 110.48, 32.86, 404.39, 109.22, 32.18, 403.84
8.452, 149.76, 128.93, 115.53, 114.69, 34.39, 406.63, 113.62, 33.96, 406.09
8.479, 250.13, 242.29, 112.02, 122.37, 38.71, 387.39, 120.67, 37.79, 391.02
8.507, 223.42, 164.65, 61.52, 131.61, 40.75, 367.56, 129.48, 40.18, 372.13
8.534, 215.18, 138.84, 52.47, 139.95, 41.96, 348.26, 137.92, 41.61, 352.91
8.561, 219.28, 136.00, 34.36, 148.36, 42.96, 329.24, 146.34, 42.70, 333.83
8.588, 220.84, 138.27, -0.91, 157.24, 43.90, 309.98, 155.12, 43.67, 314.61
8.616, 158.44, 101.31, 19.40, 163.96, 43.78, 292.01, 162.25, 43.76, 296.40
8.643, 142.03, 97.86, 8.99, 169.65, 43.51, 274.45, 168.22, 43.56, 278.71
8.670, 87.47, 100.69, -1.00, 173.59, 43.27, 257.32, 172.55, 43.33, 261.47
8.697, 91.73, 87.18, -68.21, 178.64, 42.65, 239.03, 177.45, 42.78, 243.40
8.725, 66.89, 83.23, -66.68, 182.77, 41.90, 221.43, 181.73, 42.07, 225.70
8.752, 44.97, 69.18, -41.63, 186.49, 40.78, 205.16, 185.57, 41.03, 209.16
8.779, 40.11, 55.14, -34.82, 189.87, 39.32, 189.69, 189.03, 39.65, 193.48
8.806, 12.37, 37.97, -35.02, 192.11, 37.45, 174.83, 191.51, 37.88, 178.46
8.834, 12.35, 31.05, -30.65, 194.79, 35.47, 160.66, 194.16, 35.94, 164.12
8.861, 11.43, 23.21, -18.28, 197.57, 33.36, 168.79, 196.90, 33.86, 167.88
8.888, 18.89, 34.18, 21.61, 200.35, 31.60, 156.37, 199.68, 32.04, 158.61
8.915, 25.37, 34.60, -16.15, 203.44, 29.93, 164.87, 202.71, 30.34, 163.65
8.943, 49.79, 70.56, -98.01, 206.27, 29.24, 170.87, 205.58, 29.45, 169.47
8.970, 9.25, 7.89, -12.60, 208.37, 26.93, 178.94, 207.83, 27.42, 177.10
8.997, 12.47, 26.27, 24.18, 210.51, 25.20, 187.76, 209.99, 25.63, 185.69
9.024, 9.45, 4.26, 3.60, 213.34, 22.98, 195.77, 212.69, 23.49, 193.81
9.051, 6.88, 9.62, 21.40, 215.69, 20.99, 204.01, 215.10, 21.48, 202.03
9.079, 9.84, 4.11, 29.66, 217.38, 18.95, 212.24, 216.93, 19.44, 210.26
9.106, -18.68, -24.65, 45.95, 218.60, 16.27, 199.29, 218.28, 16.88, 201.42
9.133, -39.57, -56.87, 110.96, 219.00, 12.90, 188.67, 218.86, 13.68, 191.15
9.161, -75.41, -111.14, 135.52, 217.97, 8.31, 179.28, 218.14, 9.35, 181.58
9.188, -62.03, -196.56, -50.08, 201.65, 1.82, 165.38, 204.86, 3.29, 168.53
9.215, -7.97, -194.43, -154.60, 204.06, -4.26, 149.15, 204.22, -2.79, 152.92
9.242, -122.93, -228.86, -108.31, 201.76, -10.86, 156.08, 202.24, -9.30, 155.46
9.270, -129.61, -133.45, -43.75, 200.24, -14.60, 164.46, 200.63, -13.57, 162.71
9.297, -160.12, -145.90, -122.56, 196.51, -18.40, 170.39, 197.31, -17.46, 168.90
9.324, -20.95, -143.62, 31.95, 192.18, -21.88, 180.23, 193.18, -21.02, 178.02
9.351, 14.73, -59.34, 67.47, 192.63, -23.00, 190.75, 192.74, -22.61, 188.28
9.378, -81.37, -40.53, -34.89, 192.58, -23.51, 198.19, 192.61, -23.34, 196.26
9.406, -136.07, -250.14, -250.14, 188.81, -29.33, 199.49, 189.55, -28.17, 198.86
9.433, -75.61, -250.14, -250.14, 181.61, -34.77, 200.50, 183.15, -33.49, 200.18
9.460, 9.69, -250.14, -250.14, 183.21, -39.81, 201.26, 183.20, -38.58, 201.05
9.487, -161.66, -250.14, -142.18, 177.04, -44.54, 204.70, 178.24, -43.38, 203.99
9.515, -237.42, -250.14, -224.67, 166.63, -48.95, 205.60, 168.88, -47.87, 205.29
9.542, 1.09, -172.73, -120.80, 161.81, -51.13, 209.08, 163.18, -50.50, 208.35
9.569, 23.28, -226.88, -1.99, 159.90, -54.43, 215.57, 160.53, -53.67, 214.17
9.596, -18.40, -249.61, -31.25, 156.05, -58.07, 221.02, 156.92, -57.22, 219.69
9.624, -8.04, -191.57, -86.73, 152.44, -59.95, 224.72, 153.31, -59.42, 223.74
9.651, -14.99, -250.14, -55.30, 148.80, -63.10, 229.04, 149.68, -62.38, 228.01
9.678, -43.71, -250.14, -38.81, 144.97, -66.02, 233.59, 145.89, -65.32, 232.51
9.705, -61.27, -244.98, 10.04, 139.84, -68.55, 239.25, 141.01, -67.92, 237.94
9.733, -83.98, -240.10, -40.28, 133.75, -70.71, 243.32, 135.16, -70.17, 242.28
9.760, -90.98, -213.21, -24.40, 128.87, -71.96, 247.62, 130.09, -71.61, 246.58
9.787, -109.05, -219.89, -44.73, 122.08, -73.22, 251.17, 123.64, -72.91, 250.28
9.814, -45.64, -214.82, -18.82, 116.61, -74.16, 255.22, 117.98, -73.91, 254.26
9.841, -47.72, -220.33, 39.93, 111.26, -75.10, 260.68, 112.56, -74.87, 259.43
9.869, -63.63, -232.31, 45.67, 104.72, -76.19, 266.11, 106.25, -75.93, 264.81
9.896, -88.53, -217.15, 91.76, 96.49, -76.72, 272.61, 98.38, -76.57, 271.10
9.923, -136.62, -209.18, 151.12, 87.81, -76.91, 280.56, 89.86, -76.85, 278.72
9.950, -82.02, -129.30, 4.84, 80.15, -74.92, 284.34, 82.04, -75.30, 283.25
9.978, -110.69, -99.24, -29.43, 71.35, -72.18, 287.03, 73.43, -72.79, 286.30
10.005, -66.69, -59.58, 76.86, 64.98, -68.51, 292.46, 66.62, -69.34, 291.26
10.032, -84.73, -74.53, 162.04, 57.31, -65.32, 300.05, 59.12, -66.10, 298.34
10.059, -95.74, -105.55, 247.47, 49.52, -63.02, 309.80, 51.39, -63.62, 307.57
10.087, -91.78, -79.92, 197.53, 43.36, -60.11, 318.07, 44.92, -60.79, 316.03
10.114, 53.27, -26.62, 244.29, 41.48, -55.93, 327.50, 42.14, -56.87, 325.27
10.141, 156.57, 0.92, 250.13, 42.45, -51.20, 336.92, 42.39, -52.30, 334.66
10.168, 250.13, -24.27, 250.13, 45.44, -47.32, 324.82, 44.85, -48.29, 326.73
10.196, 198.56, -11.21, 132.47, 46.49, -43.28, 310.19, 46.17, -44.25, 313.40
10.223, 250.13, -65.47, 194.92, 49.95, -40.79, 297.91, 49.21, -41.46, 300.92
10.250, 250.13, -51.41, 133.26, 52.44, -38.04, 284.60, 51.81, -38.71, 287.77
10.277, 250.13, -51.62, 51.63, 55.29, -35.41, 269.70, 54.61, -36.05, 273.23
10.305, 250.13, -47.77, -201.51, 59.29, -32.77, 248.50, 58.39, -33.41, 253.30
10.332, 250.13, 19.40, -250.14, 62.04, -28.56, 226.60, 61.33, -29.50, 231.79
10.359, 250.13, 117.28, -250.14, 65.69, -22.05, 226.67, 64.84, -23.50, 227.67
10.386, 250.13, 127.31, -250.14, 70.23, -15.62, 226.52, 69.18, -17.15, 226.75
10.413, 220.35, 169.89, -194.59, 76.47, -8.50, 227.66, 75.06, -10.19, 227.49
10.441, 194.95, 168.83, -118.40, 82.03, -1.78, 230.63, 80.68, -3.41, 230.02
10.468, 203.63, 235.56, -135.57, 88.77, 6.22, 232.93, 87.20, 4.35, 232.36
10.495, 154.95, 224.50, -72.91, 94.82, 13.49, 236.72, 93.34, 11.72, 235.87
10.522, 121.11, 219.75, -41.98, 98.37, 20.19, 241.14, 97.39, 18.54, 240.11
10.550, 105.69, 250.13, -21.89, 103.00, 27.28, 245.90, 101.91, 25.58, 244.78
10.577, 98.64, 222.47, -99.76, 106.83, 33.20, 248.33, 105.87, 31.73, 247.64
10.604, 60.79, 238.79, -28.64, 109.42, 39.14, 252.52, 108.73, 37.70, 251.57
10.632, 35.24, 240.20, -27.05, 111.47, 44.72, 256.56, 110.93, 43.35, 255.59
10.659, 67.13, 230.83, -66.60, 114.18, 49.64, 259.33, 113.55, 48.42, 258.60
10.686, 25.79, 209.60, -55.23, 116.06, 53.69, 262.24, 115.57, 52.66, 261.53
10.713, 22.37, 206.18, -61.18, 116.83, 57.36, 264.80, 116.59, 56.44, 264.17
10.740, 39.34, 162.45, 52.90, 119.50, 59.57, 270.29, 118.93, 58.96, 269.10
10.768, -6.41, 126.01, 51.02, 120.19, 60.65, 275.57, 119.95, 60.32, 274.31
10.795, 14.70, 94.46, 16.01, 121.34, 60.78, 279.74, 121.07, 60.69, 278.68
10.822, 18.88, 101.13, 56.93, 123.20, 61.00, 284.86, 122.79, 60.94, 283.66
10.849, 32.13, 110.38, 33.31, 126.23, 61.36, 289.19, 125.56, 61.28, 288.11
10.876, 20.82, 88.56, 10.51, 128.68, 61.06, 292.74, 128.07, 61.10, 291.84
10.903, 19.75, 64.83, -9.56, 132.14, 60.08, 295.61, 131.35, 60.28, 294.87
10.931, 17.27, 57.53, 12.45, 135.50, 58.91, 298.94, 134.70, 59.18, 298.15
10.958, 3.89, 35.18, -10.60, 138.19, 57.15, 301.50, 137.52, 57.55, 300.85
10.985, -2.21, 24.77, 21.24, 140.89, 55.15, 304.80, 140.24, 55.61, 304.04
11.013, -31.11, -44.10, 35.61, 142.16, 51.42, 308.37, 141.78, 52.23, 307.53
11.040, -53.40, -122.02, -28.13, 144.51, 45.86, 310.07, 143.98, 47.10, 309.57
11.067, -59.62, -103.92, 22.29, 146.34, 41.03, 313.02, 145.88, 42.21, 312.35
11.094, -93.78, -181.66, -51.71, 146.29, 34.43, 313.84, 146.21, 35.95, 313.55
11.121, -134.18, -184.16, -29.08, 145.80, 28.12, 315.17, 145.88, 29.65, 314.85
11.149, -147.80, -250.14, -94.06, 144.17, 20.45, 314.62, 144.50, 22.23, 314.66
11.176, -150.65, -250.14, -102.99, 141.66, 13.18, 313.71, 142.21, 14.94, 313.90
11.203, -175.60, -250.14, -85.98, 138.19, 6.34, 313.18, 138.97, 8.01, 313.32
11.230, -164.13, -250.14, -99.38, 133.92, -0.10, 312.18, 134.91, 1.48, 312.40
11.258, -130.74, -250.14, -89.87, 129.78, -6.14, 311.35, 130.78, -4.66, 311.55
11.285, -131.24, -250.14, -99.08, 127.10, -11.85, 310.17, 127.82, -10.45, 310.44
11.312, -179.40, -250.14, -81.82, 122.71, -17.23, 309.38, 123.70, -15.91, 309.59
11.339, -194.53, -250.14, -64.30, 116.68, -22.31, 308.98, 118.05, -21.06, 309.10
11.366, -177.17, -250.14, -127.92, 110.16, -27.05, 306.77, 111.70, -25.89, 307.22
11.394, -235.56, -250.14, -63.89, 102.80, -31.50, 306.22, 104.53, -30.41, 306.42
11.421, -249.18, -250.14, -91.42, 94.33, -35.66, 304.85, 96.31, -34.64, 305.15
11.448, -250.14, -250.14, 75.24, 86.47, -39.52, 307.94, 88.39, -38.57, 307.40
11.475, -246.85, -250.14, -35.70, 76.48, -43.06, 307.94, 78.80, -42.19, 307.83
11.502, -212.97, -205.51, -27.43, 66.77, -45.21, 308.10, 69.12, -44.62, 308.05
11.530, -199.25, -190.56, 14.08, 57.68, -46.79, 309.33, 59.90, -46.37, 309.08
11.557, -212.36, -170.41, 49.18, 48.31, -47.71, 311.46, 50.56, -47.45, 311.00
11.584, -250.14, -126.16, 109.92, 38.20, -47.37, 315.18, 40.60, -47.38, 314.37
11.611, -250.14, -121.46, 250.13, 28.59, -46.84, 322.67, 30.93, -46.95, 321.05
11.639, -250.14, -108.76, -21.43, 18.81, -45.93, 322.69, 21.17, -46.12, 322.37
11.666, -250.14, -21.84, 7.78, 11.34, -42.78, 323.47, 13.26, -43.43, 323.25
11.693, 126.42, -5.27, 22.76, 15.52, -39.34, 324.59, 15.07, -40.14, 324.33
11.720, 170.76, -114.15, -16.93, 19.50, -38.83, 324.59, 18.64, -39.08, 324.54
11.747, 122.11, -55.15, 12.63, 19.17, -36.80, 325.37, 19.06, -37.24, 325.21
11.774, -7.73, -37.62, -97.33, 15.24, -34.38, 323.10, 15.99, -34.94, 323.51
11.802, -78.15, -129.15, 57.21, 12.04, -34.41, 325.00, 12.81, -34.51, 324.71
11.829, -79.69, -125.93, -15.40, 9.57, -34.31, 324.88, 10.20, -34.35, 324.85
11.856, -105.15, -104.14, -77.21, 5.01, -33.62, 323.04, 6.02, -33.76, 323.39
11.883, 125.45, 248.18, -250.14, 5.11, -23.91, 316.48, 5.29, -25.83, 317.82
11.910, 98.89, -184.69, 249.81, 8.33, -25.77, 323.44, 7.73, -25.78, 322.35
11.938, 60.41, -70.98, 60.61, 8.78, -24.64, 325.26, 8.58, -24.86, 324.70
11.965, 15.17, 81.77, 250.13, 22.28, -19.65, 332.23, 19.62, -20.66, 330.77
11.992, 85.83, 93.07, -250.14, 21.75, -14.60, 325.53, 21.33, -15.78, 326.55
12.019, 7.55, -93.22, -28.45, 21.62, -14.59, 324.83, 21.56, -14.83, 325.17
12.047, 29.47, 13.05, 87.47, 21.18, -11.88, 327.27, 21.25, -12.45, 326.87
12.074, 9.66, 15.82, 6.88, 19.56, -9.21, 327.49, 19.89, -9.84, 327.37
12.101, -0.66, -4.61, -1.05, 17.87, -7.22, 327.48, 18.26, -7.72, 327.46
12.128, 1.36, 1.71, 21.03, 16.33, -5.17, 328.04, 16.70, -5.67, 327.93
12.156, 4.36, 5.57, -5.85, 14.75, -3.16, 327.84, 15.13, -3.65, 327.86
12.183, -1.65, -5.02, -0.14, 13.29, -1.52, 327.79, 13.65, -1.93, 327.80
12.210, 0.40, 1.05, 3.53, 11.90, 0.17, 327.81, 12.24, -0.24, 327.81
12.237, -5.15, 1.21, -3.57, 10.43, 1.78, 327.63, 10.79, 1.38, 327.66
12.264, 1.58, 1.60, 4.18, 9.25, 3.29, 327.64, 9.55, 2.92, 327.65
12.292, 0.11, 0.76, 6.24, 8.10, 4.69, 327.70, 8.38, 4.35, 327.69
12.319, -1.75, -1.73, -0.92, 6.99, 5.93, 327.54, 7.26, 5.62, 327.57
12.346, -0.63, 2.03, 0.46, 5.92, 7.19, 327.41, 6.18, 6.88, 327.45
12.373, -1.72, -1.09, -0.29, 4.88, 8.26, 327.25, 5.13, 7.99, 327.29
12.400, 5.81, -3.26, 8.45, 4.44, 9.22, 327.32, 4.57, 8.98, 327.31
12.428, -4.15, -0.92, -6.07, 3.38, 10.17, 326.98, 3.61, 9.94, 327.04
12.455, -3.11, 1.87, -2.05, 2.42, 11.12, 326.74, 2.65, 10.89, 326.80
12.482, -3.08, -1.21, 0.56, 1.41, 11.92, 326.57, 1.65, 11.72, 326.62
12.509, 0.05, 2.58, 3.15, 0.67, 12.75, 326.46, 0.86, 12.55, 326.49
12.537, 1.89, 3.02, 0.81, -0.02, 13.52, 326.28, 0.15, 13.34, 326.32
12.564, -2.64, -1.86, 1.79, -0.74, 14.10, 326.12, -0.57, 13.95, 326.16
